-1	0.363000140796059
-0.99	0.362515297719523
-0.98	0.361041675902687
-0.97	0.35854701763308
-0.96	0.355001012941264
-0.95	0.350375506218499
-0.94	0.34464470330406
-0.93	0.337785378033441
-0.92	0.32977707719063
-0.91	0.320602322763711
-0.9	0.310246810363586
-0.89	0.298699602631246
-0.88	0.285953316430153
-0.87	0.272004302597399
-0.86	0.256852817010934
-0.85	0.240503181720571
-0.84	0.22296393488822
-0.83	0.204247968288172
-0.82	0.184372651131537
-0.81	0.163359939000543
-0.8	0.141236466708403
-0.79	0.118033623939133
-0.78	0.0937876125691992
-0.77	0.0685394846291567
-0.76	0.0423351599286166
-0.75	0.0152254224418265
-0.74	-0.0127341053661798
-0.73	-0.04148301100189
-0.72	-0.0709561638237117
-0.71	-0.101083810863004
-0.7	-0.131791696993597
-0.69	-0.163001209736104
-0.68	-0.19462954885527
-0.67	-0.226589920774809
-0.66	-0.258791757695204
-0.65	-0.291140961156697
-0.64	-0.323540169642786
-0.63	-0.355889049670059
-0.62	-0.388084609658876
-0.61	-0.420021535727324
-0.6	-0.451592548398959
-0.59	-0.482688779064248
-0.58	-0.513200164887232
-0.57	-0.543015860704017
-0.56	-0.572024666319225
-0.55	-0.60011546747163
-0.54	-0.627177688611992
-0.53	-0.653101755515583
-0.52	-0.677779565640221
-0.51	-0.701104964038673
-0.5	-0.722974222543156
-0.49	-0.743286519860207
-0.48	-0.761944420147249
-0.47	-0.778854347588636
-0.46	-0.793927054449381
-0.45	-0.807078080059932
-0.44	-0.81822819817573
-0.429999999999999	-0.827303850161236
-0.419999999999999	-0.834237561470136
-0.409999999999999	-0.838968338931616
-0.399999999999999	-0.841442046407063
-0.389999999999999	-0.841611756452386
-0.379999999999999	-0.839438075708105
-0.369999999999999	-0.834889441842274
-0.359999999999999	-0.827942389989724
-0.349999999999999	-0.818581786764647
-0.339999999999999	-0.80680103007147
-0.329999999999999	-0.792602213100614
-0.319999999999999	-0.775996251070247
-0.309999999999999	-0.757002969461561
-0.299999999999999	-0.735651152692307
-0.289999999999999	-0.711978552380311
-0.279999999999999	-0.686031854564009
-0.269999999999999	-0.657866605469504
-0.259999999999999	-0.627547095641859
-0.249999999999999	-0.595146202490688
-0.239999999999999	-0.560745191535273
-0.229999999999999	-0.524433476870712
-0.219999999999999	-0.48630834161252
-0.209999999999999	-0.446474619310944
-0.199999999999999	-0.405044337556554
-0.189999999999999	-0.362136325223721
-0.179999999999999	-0.317875785016874
-0.169999999999999	-0.272393833194445
-0.159999999999999	-0.225827008545557
-0.149999999999999	-0.178316752883496
-0.139999999999999	-0.130008865496378
-0.129999999999999	-0.0810529341579533
-0.119999999999999	-0.0316017454489183
-0.109999999999999	0.0181893227294693
-0.0999999999999992	0.0681629234534867
-0.0899999999999992	0.118160374794402
-0.0799999999999993	0.168022302385301
-0.0699999999999993	0.217589287308865
-0.0599999999999993	0.266702516038991
-0.0499999999999993	0.315204429150391
-0.0399999999999993	0.362939365511806
-0.0299999999999992	0.409754198700062
-0.0199999999999992	0.455498962413888
-0.00999999999999925	0.500027461727858
7.52869988573934E-16	0.543197867107605
0.0100000000000008	0.584873288207038
0.0200000000000008	0.624922324585931
0.0300000000000008	0.663219590621197
0.0400000000000008	0.699646212036367
0.0500000000000008	0.734090291640253
0.0600000000000008	0.766447342046331
0.0700000000000008	0.796620683337695
0.0800000000000008	0.824521803847212
0.0900000000000007	0.850070682437294
0.100000000000001	0.873196070887048
0.110000000000001	0.893835735224785
0.120000000000001	0.911936655079595
0.130000000000001	0.927455180365119
0.140000000000001	0.940357144850252
0.150000000000001	0.950617936413645
0.160000000000001	0.958222524019914
0.170000000000001	0.963165441693824
0.180000000000001	0.965450730002886
0.190000000000001	0.96509183578717
0.200000000000001	0.962111471096414
0.210000000000001	0.956541432507172
0.220000000000001	0.948422382195584
0.230000000000001	0.937803592333132
0.240000000000001	0.924742654552391
0.250000000000001	0.909305156396199
0.260000000000001	0.891564326816108
0.270000000000001	0.871600652923473
0.280000000000001	0.849501470318607
0.290000000000001	0.825360529429408
0.300000000000001	0.799277540380386
0.310000000000001	0.771357698985827
0.320000000000001	0.741711196516641
0.330000000000001	0.710452715929426
0.340000000000001	0.677700917268252
0.350000000000001	0.643577914955078
0.360000000000001	0.608208749673694
0.370000000000001	0.571720857525208
0.380000000000001	0.534243539090695
0.390000000000001	0.495907430979596
0.400000000000001	0.45684398237124
0.410000000000001	0.417184938972462
0.420000000000001	0.377061836717449
0.430000000000001	0.336605507427715
0.440000000000001	0.295945598531336
0.450000000000001	0.255210108812509
0.460000000000001	0.214524942025991
0.470000000000001	0.174013480067342
0.480000000000001	0.133796177240122
0.490000000000001	0.0939901770065261
0.500000000000001	0.0547089524494311
0.510000000000001	0.0160619715126931
0.520000000000001	-0.0218456120761412
0.530000000000001	-0.0589132414596887
0.540000000000001	-0.0950452123026118
0.550000000000001	-0.130150901023835
0.560000000000001	-0.164144965349639
0.570000000000001	-0.196947517082761
0.580000000000001	-0.228484267132896
0.590000000000001	-0.25868664299889
0.600000000000001	-0.287491879031839
0.610000000000001	-0.314843079940603
0.620000000000001	-0.340689258126137
0.630000000000001	-0.364985345548178
0.640000000000001	-0.387692180936634
0.650000000000001	-0.408776473260152
0.660000000000001	-0.42821074245546
0.670000000000001	-0.44597323850298
0.680000000000001	-0.46204784000671
0.690000000000001	-0.476423933499374
0.700000000000001	-0.489096274747299
0.710000000000001	-0.500064833373551
0.720000000000001	-0.509334622152472
0.730000000000001	-0.516915512354203
0.740000000000001	-0.522822036534362
0.750000000000001	-0.527073180171666
0.760000000000001	-0.529692163555908
0.770000000000001	-0.530706215319924
0.780000000000001	-0.530146338993157
0.790000000000001	-0.528047073930978
0.800000000000001	-0.524446251943971
0.810000000000001	-0.519384750915083
0.820000000000001	-0.512906246650757
0.830000000000001	-0.505056964164954
0.840000000000001	-0.495885429543427
0.850000000000001	-0.485442223479766
0.860000000000001	-0.473779737515485
0.870000000000001	-0.460951933954139
0.880000000000001	-0.447014110354718
0.890000000000001	-0.432022669442926
0.900000000000001	-0.416034895210831
0.910000000000001	-0.399108735906397
0.920000000000001	-0.381302594544919
0.930000000000001	-0.362675127504931
0.940000000000001	-0.343285051702139
0.950000000000001	-0.323190960766666
0.960000000000001	-0.302451150581989
0.970000000000001	-0.28112345447842
0.980000000000001	-0.259265088310486
0.990000000000001	-0.236932505586052
