-5	0.00673794699908547	0.00673794699908547
-4.99	0.00680566449223056	0.00680566449223054
-4.98	0.00687406255749628	0.00687406255749625
-4.97	0.00694314803474606	0.00694314803474611
-4.96	0.0070129278325854	0.00701292783258542
-4.95	0.00708340892905214	0.00708340892905211
-4.94	0.00715459837231457	0.00715459837231457
-4.93	0.0072265032813764	0.00722650328137645
-4.92	0.00729913084678861	0.00729913084678857
-4.91	0.00737248833136806	0.007372488331368
-4.9	0.00744658307092431	0.00744658307092432
-4.89	0.00752142247499324	0.00752142247499325
-4.88	0.00759701402757758	0.00759701402757755
-4.87	0.00767336528789549	0.00767336528789547
-4.86	0.00775048389113667	0.00775048389113667
-4.85	0.00782837754922575	0.00782837754922575
-4.84	0.00790705405159338	0.00790705405159341
-4.83	0.00798652126595551	0.00798652126595547
-4.82	0.00806678713909953	0.00806678713909959
-4.81	0.00814785969767998	0.00814785969767995
-4.8	0.00822974704902004	0.00822974704901999
-4.79	0.00831245738192316	0.00831245738192308
-4.78	0.00839599896749147	0.00839599896749143
-4.77	0.00848038015995316	0.00848038015995322
-4.76000000000001	0.00856560939749805	0.00856560939749802
-4.75000000000001	0.00865169520312055	0.00865169520312059
-4.74000000000001	0.00873864618547318	0.00873864618547324
-4.73000000000001	0.00882647103972671	0.00882647103972668
-4.72000000000001	0.00891517854843946	0.0089151785484395
-4.71000000000001	0.00900477758243655	0.0090047775824365
-4.70000000000001	0.00909527710169578	0.00909527710169576
-4.69000000000001	0.00918668615624458	0.00918668615624461
-4.68000000000001	0.00927901388706473	0.00927901388706468
-4.67000000000001	0.00937226952700601	0.00937226952700599
-4.66000000000001	0.00946646240171032	0.00946646240171026
-4.65000000000001	0.00956160193054346	0.00956160193054344
-4.64000000000001	0.00965769762753775	0.0096576976275377
-4.63000000000001	0.00975475910234277	0.00975475910234283
-4.62000000000001	0.00985279606118714	0.00985279606118718
-4.61000000000001	0.00995181830784828	0.00995181830784834
-4.60000000000001	0.0100518357446335	0.0100518357446335
-4.59000000000001	0.0101528583733696	0.0101528583733697
-4.58000000000001	0.010254896296404	0.0102548962964039
-4.57000000000001	0.0103579597176136	0.0103579597176136
-4.56000000000001	0.0104620589434267	0.0104620589434267
-4.55000000000001	0.0105672043838526	0.0105672043838526
-4.54000000000001	0.0106734065535228	0.0106734065535228
-4.53000000000001	0.010780676072743	0.010780676072743
-4.52000000000001	0.0108890236685544	0.0108890236685543
-4.51000000000001	0.0109984601758068	0.0109984601758068
-4.50000000000001	0.0111089965382421	0.0111089965382422
-4.49000000000001	0.0112206438095889	0.011220643809589
-4.48000000000001	0.0113334131546672	0.0113334131546673
-4.47000000000001	0.0114473158505057	0.0114473158505056
-4.46000000000001	0.0115623632874684	0.0115623632874684
-4.45000000000001	0.0116785669703953	0.0116785669703953
-4.44000000000001	0.0117959385197514	0.0117959385197514
-4.43000000000001	0.0119144896727894	0.0119144896727895
-4.42000000000001	0.0120342322847235	0.0120342322847236
-4.41000000000001	0.0121551783299147	0.0121551783299148
-4.40000000000001	0.0122773399030682	0.0122773399030683
-4.39000000000001	0.0124007292204432	0.0124007292204432
-4.38000000000001	0.0125253586210742	0.0125253586210742
-4.37000000000001	0.0126512405680051	0.0126512405680051
-4.36000000000001	0.0127783876495356	0.0127783876495356
-4.35000000000001	0.0129068125804797	0.0129068125804797
-4.34000000000001	0.0130365282034376	0.0130365282034376
-4.33000000000001	0.0131675474900796	0.0131675474900796
-4.32000000000001	0.0132998835424435	0.0132998835424436
-4.31000000000001	0.0134335495942452	0.0134335495942451
-4.30000000000001	0.0135685590122008	0.0135685590122007
-4.29000000000002	0.0137049252973647	0.0137049252973647
-4.28000000000002	0.0138426620864794	0.0138426620864793
-4.27000000000002	0.013981783153338	0.0139817831533381
-4.26000000000002	0.0141223024101636	0.0141223024101637
-4.25000000000002	0.014264233908999	0.014264233908999
-4.24000000000002	0.0144075918431121	0.0144075918431121
-4.23000000000002	0.0145523905484159	0.0145523905484159
-4.22000000000002	0.0146986445049015	0.0146986445049015
-4.21000000000002	0.0148463683380865	0.0148463683380866
-4.20000000000002	0.0149955768204773	0.0149955768204774
-4.19000000000002	0.0151462848730467	0.0151462848730467
-4.18000000000002	0.0152985075667252	0.0152985075667252
-4.17000000000002	0.0154522601239091	0.0154522601239092
-4.16000000000002	0.0156075579199827	0.0156075579199826
-4.15000000000002	0.0157644164848542	0.0157644164848542
-4.14000000000002	0.0159228515045115	0.0159228515045114
-4.13000000000002	0.0160828788225883	0.0160828788225881
-4.12000000000002	0.0162445144419495	0.0162445144419496
-4.11000000000002	0.0164077745262924	0.0164077745262923
-4.10000000000002	0.0165726754017609	0.0165726754017609
-4.09000000000002	0.0167392335585803	0.0167392335585803
-4.08000000000002	0.0169074656527048	0.0169074656527049
-4.07000000000002	0.0170773885074843	0.0170773885074845
-4.06000000000002	0.017249019115346	0.0172490191153459
-4.05000000000002	0.0174223746394931	0.0174223746394932
-4.04000000000002	0.0175974724156229	0.017597472415623
-4.03000000000002	0.017774329953659	0.0177743299536591
-4.02000000000002	0.0179529649395026	0.0179529649395025
-4.01000000000002	0.0181333952368007	0.0181333952368007
-4.00000000000002	0.0183156388887338	0.0183156388887338
-3.99000000000002	0.0184997141198189	0.0184997141198188
-3.98000000000002	0.0186856393377324	0.0186856393377324
-3.97000000000002	0.0188734331351511	0.0188734331351511
-3.96000000000002	0.0190631142916112	0.0190631142916112
-3.95000000000002	0.0192547017753864	0.0192547017753865
-3.94000000000002	0.019448214745385	0.019448214745385
-3.93000000000002	0.0196436725530648	0.0196436725530648
-3.92000000000002	0.0198410947443698	0.0198410947443698
-3.91000000000002	0.0200405010616836	0.0200405010616835
-3.90000000000002	0.020241911445804	0.0202419114458039
-3.89000000000002	0.0204453460379372	0.0204453460379372
-3.88000000000002	0.0206508251817121	0.0206508251817121
-3.87000000000002	0.0208583694252142	0.0208583694252142
-3.86000000000002	0.0210679995230409	0.0210679995230409
-3.85000000000002	0.0212797364383767	0.0212797364383766
-3.84000000000002	0.0214936013450893	0.0214936013450894
-3.83000000000002	0.0217096156298481	0.021709615629848
-3.82000000000003	0.0219278008942611	0.0219278008942611
-3.81000000000003	0.0221481789570368	0.0221481789570368
-3.80000000000003	0.022370771856165	0.022370771856165
-3.79000000000003	0.0225956018511212	0.0225956018511213
-3.78000000000003	0.0228226914250924	0.0228226914250924
-3.77000000000003	0.0230520632872249	0.023052063287225
-3.76000000000003	0.0232837403748964	0.0232837403748964
-3.75000000000003	0.0235177458560084	0.0235177458560085
-3.74000000000003	0.0237541031313044	0.0237541031313044
-3.73000000000003	0.0239928358367085	0.0239928358367085
-3.72000000000003	0.0242339678456904	0.0242339678456905
-3.71000000000003	0.024477523271652	0.024477523271652
-3.70000000000003	0.0247235264703387	0.0247235264703387
-3.69000000000003	0.0249720020422754	0.0249720020422755
-3.68000000000003	0.0252229748352266	0.0252229748352265
-3.67000000000003	0.0254764699466803	0.0254764699466803
-3.66000000000003	0.0257325127263592	0.0257325127263592
-3.65000000000003	0.0259911287787546	0.0259911287787546
-3.64000000000003	0.0262523439656872	0.0262523439656872
-3.63000000000003	0.0265161844088934	0.0265161844088934
-3.62000000000003	0.0267826764926374	0.0267826764926374
-3.61000000000003	0.0270518468663496	0.0270518468663496
-3.60000000000003	0.0273237224472918	0.0273237224472917
-3.59000000000003	0.0275983304232484	0.0275983304232485
-3.58000000000003	0.0278756982552461	0.0278756982552462
-3.57000000000003	0.0281558536802992	0.0281558536802992
-3.56000000000003	0.0284388247141837	0.0284388247141836
-3.55000000000003	0.0287246396542386	0.0287246396542385
-3.54000000000003	0.0290133270821961	0.0290133270821962
-3.53000000000003	0.0293049158670398	0.0293049158670398
-3.52000000000003	0.0295994351678911	0.0295994351678911
-3.51000000000003	0.0298969144369253	0.0298969144369254
-3.50000000000003	0.0301973834223176	0.0301973834223175
-3.49000000000003	0.0305008721712165	0.0305008721712165
-3.48000000000003	0.0308074110327501	0.0308074110327501
-3.47000000000003	0.0311170306610599	0.0311170306610599
-3.46000000000003	0.0314297620183667	0.0314297620183667
-3.45000000000003	0.0317456363780668	0.0317456363780669
-3.44000000000003	0.0320646853278597	0.0320646853278597
-3.43000000000003	0.032386940772906	0.032386940772906
-3.42000000000003	0.0327124349390187	0.0327124349390187
-3.41000000000003	0.0330412003758859	0.0330412003758858
-3.40000000000003	0.033373269960325	0.0333732699603249
-3.39000000000003	0.0337086768995713	0.0337086768995712
-3.38000000000003	0.0340474547345981	0.0340474547345982
-3.37000000000003	0.0343896373434716	0.0343896373434715
-3.36000000000003	0.0347352589447373	0.0347352589447373
-3.35000000000004	0.0350843541008437	0.0350843541008438
-3.34000000000004	0.0354369577215974	0.0354369577215974
-3.33000000000004	0.0357931050676539	0.035793105067654
-3.32000000000004	0.0361528317540452	0.0361528317540451
-3.31000000000004	0.0365161737537392	0.0365161737537391
-3.30000000000004	0.0368831674012388	0.0368831674012387
-3.29000000000004	0.0372538493962144	0.0372538493962144
-3.28000000000004	0.0376282568071748	0.0376282568071748
-3.27000000000004	0.038006427075173	0.0380064270751729
-3.26000000000004	0.0383883980175506	0.0383883980175506
-3.25000000000004	0.0387742078317206	0.0387742078317206
-3.24000000000004	0.0391638950989855	0.0391638950989856
-3.23000000000004	0.0395574987883973	0.0395574987883972
-3.22000000000004	0.0399550582606525	0.0399550582606524
-3.21000000000004	0.0403566132720297	0.0403566132720296
-3.20000000000004	0.0407622039783646	0.0407622039783647
-3.19000000000004	0.0411718709390661	0.0411718709390661
-3.18000000000004	0.0415856551211716	0.0415856551211716
-3.17000000000004	0.0420035979034441	0.0420035979034439
-3.16000000000004	0.0424257410805097	0.0424257410805097
-3.15000000000004	0.0428521268670385	0.0428521268670385
-3.14000000000004	0.0432827979019643	0.0432827979019642
-3.13000000000004	0.0437177972527492	0.0437177972527492
-3.12000000000004	0.0441571684196912	0.0441571684196911
-3.11000000000004	0.0446009553402728	0.0446009553402727
-3.10000000000004	0.0450492023935561	0.045049202393556
-3.09000000000004	0.0455019544046198	0.0455019544046197
-3.08000000000004	0.0459592566490425	0.0459592566490423
-3.07000000000004	0.0464211548574295	0.0464211548574294
-3.06000000000004	0.0468876952199865	0.0468876952199865
-3.05000000000004	0.047358924391139	0.047358924391139
-3.04000000000004	0.0478348894941964	0.0478348894941964
-3.03000000000004	0.0483156381260657	0.0483156381260657
-3.02000000000004	0.048801218362011	0.0488012183620109
-3.01000000000004	0.0492916787604602	0.0492916787604601
-3.00000000000004	0.0497870683678618	0.0497870683678618
-2.99000000000004	0.0502874367235895	0.0502874367235897
-2.98000000000004	0.0507928338648965	0.0507928338648963
-2.97000000000004	0.051303310331917	0.0513033103319169
-2.96000000000004	0.0518189171727234	0.0518189171727236
-2.95000000000004	0.0523397059484303	0.0523397059484301
-2.94000000000004	0.0528657287383478	0.052865728738348
-2.93000000000004	0.0533970381451948	0.0533970381451947
-2.92000000000004	0.0539336873003534	0.0539336873003536
-2.91000000000004	0.0544757298691873	0.0544757298691874
-2.90000000000004	0.0550232200564047	0.0550232200564048
-2.89000000000004	0.0555762126114804	0.0555762126114806
-2.88000000000005	0.0561347628341311	0.0561347628341312
-2.87000000000005	0.0566989265798442	0.0566989265798443
-2.86000000000005	0.0572687602654649	0.0572687602654647
-2.85000000000005	0.0578443208748357	0.0578443208748358
-2.84000000000005	0.0584256659644981	0.0584256659644981
-2.83000000000005	0.0590128536694451	0.0590128536694451
-2.82000000000005	0.0596059427089364	0.0596059427089366
-2.81000000000005	0.0602049923923705	0.0602049923923707
-2.80000000000005	0.0608100626252151	0.0608100626252151
-2.79000000000005	0.0614212139149974	0.0614212139149972
-2.78000000000005	0.0620385073773552	0.0620385073773554
-2.77000000000005	0.0626620047421501	0.0626620047421502
-2.76000000000005	0.0632917683596378	0.0632917683596377
-2.75000000000005	0.0639278612067043	0.0639278612067045
-2.74000000000005	0.0645703468931652	0.0645703468931654
-2.73000000000005	0.0652192896681242	0.0652192896681244
-2.72000000000005	0.0658747544263999	0.0658747544263998
-2.71000000000005	0.0665368067150138	0.0665368067150136
-2.70000000000005	0.0672055127397465	0.0672055127397465
-2.69000000000005	0.067880939371758	0.0678809393717581
-2.68000000000005	0.0685631541542745	0.0685631541542745
-2.67000000000005	0.0692522253093424	0.0692522253093425
-2.66000000000005	0.0699482217446519	0.0699482217446519
-2.65000000000005	0.0706512130604262	0.070651213060426
-2.64000000000005	0.0713612695563823	0.0713612695563825
-2.63000000000005	0.0720784622387624	0.0720784622387625
-2.62000000000005	0.0728028628274321	0.0728028628274319
-2.61000000000005	0.0735345437630531	0.0735345437630533
-2.60000000000005	0.0742735782143299	0.0742735782143301
-2.59000000000005	0.0750200400853232	0.0750200400853231
-2.58000000000005	0.0757740040228417	0.0757740040228416
-2.57000000000005	0.0765355454239075	0.0765355454239075
-2.56000000000005	0.0773047404432955	0.0773047404432957
-2.55000000000005	0.078081666001149	0.0780816660011491
-2.54000000000005	0.078866399790671	0.0788663997906708
-2.53000000000005	0.0796590202858938	0.0796590202858938
-2.52000000000005	0.0804596067495279	0.0804596067495282
-2.51000000000005	0.0812682392408875	0.0812682392408874
-2.50000000000005	0.0820849986238947	0.0820849986238944
-2.49000000000005	0.0829099665751683	0.0829099665751682
-2.48000000000005	0.0837432255921915	0.0837432255921915
-2.47000000000005	0.0845848590015603	0.0845848590015601
-2.46000000000005	0.0854349509673169	0.0854349509673166
-2.45000000000005	0.0862935864993658	0.0862935864993658
-2.44000000000005	0.0871608514619768	0.0871608514619765
-2.43000000000005	0.0880368325823679	0.0880368325823677
-2.42000000000005	0.0889216174593813	0.0889216174593814
-2.41000000000006	0.0898152945722425	0.0898152945722427
-2.40000000000006	0.0907179532894078	0.0907179532894075
-2.39000000000006	0.0916296838774997	0.0916296838774998
-2.38000000000006	0.0925505775103383	0.0925505775103381
-2.37000000000006	0.093480726278053	0.0934807262780532
-2.36000000000006	0.094420223196297	0.094420223196297
-2.35000000000006	0.0953691622155445	0.0953691622155442
-2.34000000000006	0.0963276382304876	0.0963276382304876
-2.33000000000006	0.0972957470895273	0.0972957470895272
-2.32000000000006	0.0982735856043557	0.0982735856043559
-2.31000000000006	0.0992612515596398	0.09926125155964
-2.30000000000006	0.100258843722798	0.100258843722798
-2.29000000000006	0.101266461853878	0.101266461853878
-2.28000000000006	0.102284206715531	0.102284206715532
-2.27000000000006	0.103312180083094	0.103312180083094
-2.26000000000006	0.104350484754759	0.104350484754759
-2.25000000000006	0.105399224561858	0.105399224561858
-2.24000000000006	0.106458504379246	0.106458504379247
-2.23000000000006	0.107528430135788	0.107528430135789
-2.22000000000006	0.108609108824951	0.108609108824952
-2.21000000000006	0.109700648515505	0.109700648515505
-2.20000000000006	0.110803158362327	0.110803158362327
-2.19000000000006	0.111916748617322	0.111916748617322
-2.18000000000006	0.113041530640443	0.113041530640443
-2.17000000000006	0.11417761691083	0.11417761691083
-2.16000000000006	0.115325121038055	0.115325121038056
-2.15000000000006	0.11648415777349	0.11648415777349
-2.14000000000006	0.117654843021772	0.117654843021772
-2.13000000000006	0.118837293852402	0.118837293852402
-2.12000000000006	0.120031628511449	0.120031628511449
-2.11000000000006	0.121237966433374	0.121237966433374
-2.10000000000006	0.122456428252974	0.122456428252974
-2.09000000000006	0.123687135817447	0.123687135817447
-2.08000000000006	0.124930212198575	0.124930212198575
-2.07000000000006	0.126185781705031	0.126185781705031
-2.06000000000006	0.127453969894813	0.127453969894813
-2.05000000000006	0.128734903587796	0.128734903587796
-2.04000000000006	0.130028710878417	0.130028710878418
-2.03000000000006	0.131335521148485	0.131335521148485
-2.02000000000006	0.132655465080113	0.132655465080113
-2.01000000000006	0.133988674668797	0.133988674668796
-2.00000000000006	0.135335283236604	0.135335283236604
-1.99000000000006	0.136695425445515	0.136695425445515
-1.98000000000006	0.138069237310884	0.138069237310884
-1.97000000000006	0.139456856215042	0.139456856215042
-1.96000000000006	0.140858420921036	0.140858420921036
-1.95000000000006	0.142274071586504	0.142274071586504
-1.94000000000006	0.143703949777694	0.143703949777694
-1.93000000000006	0.145148198483614	0.145148198483614
-1.92000000000006	0.146606962130341	0.146606962130341
-1.91000000000006	0.148080386595453	0.148080386595453
-1.90000000000006	0.149568619222626	0.149568619222625
-1.89000000000006	0.151071808836361	0.151071808836361
-1.88000000000006	0.152590105756874	0.152590105756874
-1.87000000000006	0.154123661815122	0.154123661815122
-1.86000000000006	0.155672630367987	0.155672630367987
-1.85000000000006	0.157237166313618	0.157237166313618
-1.84000000000006	0.158817426106911	0.158817426106911
-1.83000000000006	0.160413567775162	0.160413567775163
-1.82000000000006	0.16202575093387	0.16202575093387
-1.81000000000006	0.163654136802693	0.163654136802694
-1.80000000000006	0.165298888221576	0.165298888221576
-1.79000000000006	0.16696016966703	0.16696016966703
-1.78000000000006	0.168638147268584	0.168638147268585
-1.77000000000006	0.170332988825399	0.170332988825399
-1.76000000000006	0.17204486382304	0.17204486382304
-1.75000000000006	0.173773943450434	0.173773943450434
-1.74000000000006	0.175520400616986	0.175520400616986
-1.73000000000006	0.177284409969866	0.177284409969866
-1.72000000000006	0.179066147911482	0.179066147911482
-1.71000000000006	0.18086579261711	0.180865792617111
-1.70000000000006	0.182683524052723	0.182683524052723
-1.69000000000006	0.184519523992978	0.184519523992978
-1.68000000000006	0.186373976039398	0.186373976039398
-1.67000000000006	0.188247065638735	0.188247065638735
-1.66000000000006	0.190138980101508	0.190138980101508
-1.65000000000006	0.192049908620742	0.192049908620742
-1.64000000000006	0.193980042290879	0.19398004229088
-1.63000000000006	0.195929574126897	0.195929574126897
-1.62000000000006	0.197898699083602	0.197898699083602
-1.61000000000006	0.199887614075132	0.199887614075132
-1.60000000000006	0.201896517994643	0.201896517994643
-1.59000000000006	0.2039256117342	0.2039256117342
-1.58000000000006	0.205975098204871	0.20597509820487
-1.57000000000006	0.208045182357007	0.208045182357007
-1.56000000000006	0.210136071200752	0.210136071200751
-1.55000000000006	0.21224797382673	0.21224797382673
-1.54000000000006	0.214381101426964	0.214381101426964
-1.53000000000006	0.216535667315994	0.216535667315993
-1.52000000000006	0.218711886952201	0.218711886952201
-1.51000000000006	0.220909977959364	0.220909977959364
-1.50000000000006	0.223130160148416	0.223130160148416
-1.49000000000006	0.225372655539425	0.225372655539424
-1.48000000000006	0.227637688383798	0.227637688383798
-1.47000000000006	0.229925485186709	0.229925485186709
-1.46000000000006	0.232236274729744	0.232236274729744
-1.45000000000006	0.234570288093782	0.234570288093783
-1.44000000000006	0.236927758682107	0.236927758682107
-1.43000000000006	0.23930892224374	0.239308922243739
-1.42000000000006	0.241714016897021	0.241714016897021
-1.41000000000006	0.244143283153422	0.244143283153422
-1.40000000000006	0.246596963941591	0.246596963941591
-1.39000000000006	0.249075304631652	0.249075304631652
-1.38000000000006	0.251578553059741	0.251578553059741
-1.37000000000006	0.254106959552784	0.254106959552784
-1.36000000000006	0.25666077695354	0.25666077695354
-1.35000000000006	0.259240260645875	0.259240260645875
-1.34000000000006	0.261845668580309	0.261845668580309
-1.33000000000006	0.264477261299807	0.264477261299807
-1.32000000000006	0.267135301965834	0.267135301965833
-1.31000000000006	0.269820056384669	0.26982005638467
-1.30000000000006	0.272531793033995	0.272531793033995
-1.29000000000006	0.275270783089735	0.275270783089735
-1.28000000000006	0.278037300453176	0.278037300453177
-1.27000000000006	0.280831621778362	0.280831621778362
-1.26000000000006	0.283654026499753	0.283654026499752
-1.25000000000006	0.286504796860172	0.286504796860172
-1.24000000000006	0.289384217939032	0.289384217939032
-1.23000000000006	0.292292577680841	0.292292577680841
-1.22000000000006	0.295230166923996	0.295230166923996
-1.21000000000006	0.298197279429868	0.298197279429869
-1.20000000000006	0.301194211912183	0.301194211912183
-1.19000000000006	0.304221264066685	0.304221264066685
-1.18000000000006	0.307278738601111	0.307278738601112
-1.17000000000006	0.310366941265465	0.310366941265465
-1.16000000000006	0.313486180882586	0.313486180882586
-1.15000000000006	0.316636769379033	0.316636769379033
-1.14000000000006	0.319819021816284	0.319819021816284
-1.13000000000006	0.323033256422232	0.323033256422233
-1.12000000000006	0.326279794623018	0.326279794623019
-1.11000000000006	0.329558961075168	0.329558961075168
-1.10000000000006	0.332871083698058	0.332871083698059
-1.09000000000006	0.336216493706711	0.336216493706712
-1.08000000000006	0.339595525644917	0.339595525644918
-1.07000000000006	0.343008517418685	0.343008517418685
-1.06000000000006	0.346455810330036	0.346455810330036
-1.05000000000006	0.349937749111134	0.349937749111133
-1.04000000000006	0.353454681958758	0.353454681958758
-1.03000000000006	0.357006960569125	0.357006960569125
-1.02000000000006	0.360594940173056	0.360594940173056
-1.01000000000006	0.364218979571501	0.3642189795715
-1.00000000000006	0.36787944117142	0.367879441171419
-0.990000000000063	0.371576691022023	0.371576691022022
-0.980000000000063	0.375311098851376	0.375311098851376
-0.970000000000063	0.379083038103375	0.379083038103375
-0.960000000000063	0.382892885975088	0.382892885975088
-0.950000000000063	0.386741023454477	0.386741023454477
-0.940000000000063	0.390627835358497	0.390627835358496
-0.930000000000063	0.394553710371577	0.394553710371576
-0.920000000000063	0.398519041084489	0.398519041084489
-0.910000000000063	0.402524224033611	0.402524224033611
-0.900000000000063	0.406569659740574	0.406569659740574
-0.890000000000063	0.41065575275232	0.41065575275232
-0.880000000000063	0.414782911681555	0.414782911681555
-0.870000000000063	0.418951549247612	0.418951549247613
-0.860000000000063	0.423162082317722	0.423162082317722
-0.850000000000063	0.4274149319487	0.4274149319487
-0.840000000000063	0.431710523429052	0.431710523429053
-0.830000000000063	0.436049286321508	0.436049286321508
-0.820000000000063	0.440431654505972	0.440431654505972
-0.810000000000063	0.444858066222913	0.444858066222913
-0.800000000000063	0.449328964117193	0.449328964117193
-0.790000000000063	0.453844795282327	0.453844795282327
-0.780000000000063	0.458406011305195	0.458406011305195
-0.770000000000063	0.463013068311199	0.463013068311199
-0.760000000000063	0.46766642700988	0.46766642700988
-0.750000000000063	0.472366552740985	0.472366552740985
-0.740000000000063	0.477113915521004	0.477113915521004
-0.730000000000063	0.481908990090172	0.481908990090172
-0.720000000000063	0.486752255959941	0.486752255959941
-0.710000000000063	0.491644197460935	0.491644197460934
-0.700000000000063	0.496585303791378	0.496585303791378
-0.690000000000063	0.501576069066024	0.501576069066024
-0.680000000000063	0.506616992365558	0.506616992365558
-0.670000000000063	0.51170857778651	0.51170857778651
-0.660000000000063	0.516851334491667	0.516851334491667
-0.650000000000063	0.522045776760983	0.522045776760983
-0.640000000000063	0.527292424043015	0.527292424043015
-0.630000000000063	0.532591801006863	0.532591801006864
-0.620000000000063	0.537944437594641	0.537944437594641
-0.610000000000063	0.543350869074466	0.543350869074466
-0.600000000000063	0.548811636093992	0.548811636093992
-0.590000000000063	0.554327284734472	0.554327284734472
-0.580000000000063	0.559898366565367	0.559898366565367
-0.570000000000063	0.565525438699501	0.565525438699502
-0.560000000000063	0.571209063848779	0.571209063848779
-0.550000000000063	0.576949810380451	0.576949810380451
-0.540000000000063	0.582748252373953	0.582748252373953
-0.530000000000063	0.588604969678318	0.588604969678318
-0.520000000000063	0.594520547970157	0.594520547970157
-0.510000000000063	0.600495578812228	0.600495578812228
-0.500000000000063	0.606530659712595	0.606530659712595
-0.490000000000063	0.612626394184377	0.612626394184378
-0.480000000000063	0.618783391806102	0.618783391806102
-0.470000000000063	0.625002268282662	0.625002268282662
-0.460000000000063	0.631283645506887	0.631283645506886
-0.450000000000063	0.637628151621734	0.637628151621733
-0.440000000000063	0.644036421083101	0.644036421083101
-0.430000000000063	0.650509094723276	0.650509094723276
-0.420000000000063	0.657046819815016	0.657046819815016
-0.410000000000063	0.663650250136278	0.663650250136278
-0.400000000000063	0.670320046035598	0.670320046035597
-0.390000000000063	0.677056874498122	0.677056874498122
-0.380000000000063	0.683861409212313	0.683861409212313
-0.370000000000063	0.690734330637312	0.690734330637311
-0.360000000000062	0.697676326070987	0.697676326070988
-0.350000000000062	0.70468808971867	0.704688089718669
-0.340000000000062	0.711770322762566	0.711770322762565
-0.330000000000062	0.718923733431881	0.718923733431881
-0.320000000000062	0.726149037073646	0.726149037073646
-0.310000000000062	0.733446956224243	0.733446956224243
-0.300000000000062	0.740818220681671	0.740818220681672
-0.290000000000062	0.748263567578518	0.748263567578519
-0.280000000000062	0.755783741455678	0.755783741455678
-0.270000000000062	0.763379494336805	0.763379494336806
-0.260000000000062	0.771051585803518	0.771051585803518
-0.250000000000062	0.778800783071356	0.778800783071356
-0.240000000000062	0.786627861066504	0.786627861066504
-0.230000000000062	0.794533602503284	0.794533602503284
-0.220000000000062	0.802518797962428	0.802518797962428
-0.210000000000062	0.810584245970137	0.810584245970137
-0.200000000000062	0.818730753077931	0.818730753077931
-0.190000000000062	0.826959133943311	0.826959133943311
-0.180000000000062	0.83527021141122	0.83527021141122
-0.170000000000062	0.843664816596331	0.843664816596331
-0.160000000000062	0.852143788966158	0.852143788966158
-0.150000000000062	0.860707976425004	0.860707976425004
-0.140000000000062	0.869358235398752	0.869358235398752
-0.130000000000062	0.878095430920507	0.878095430920507
-0.120000000000062	0.886920436717102	0.886920436717102
-0.110000000000062	0.895834135296472	0.895834135296472
-0.100000000000062	0.904837418035903	0.904837418035903
-0.0900000000000623	0.913931185271171	0.913931185271171
-0.0800000000000623	0.923116346386578	0.923116346386578
-0.0700000000000623	0.93239381990589	0.93239381990589
-0.0600000000000623	0.94176453358419	0.94176453358419
-0.0500000000000623	0.951229424500655	0.951229424500655
-0.0400000000000623	0.960789439152263	0.960789439152263
-0.0300000000000623	0.970445533548448	0.970445533548448
-0.0200000000000623	0.980198673306694	0.980198673306694
-0.0100000000000623	0.990049833749106	0.990049833749106
-6.2307797810135E-14	0.999999999999938	0.999999999999938
0.00999999999993769	1.01005016708411	1.01005016708411
0.0199999999999377	1.02020134002669	1.02020134002669
0.0299999999999377	1.03045453395345	1.03045453395345
0.0399999999999377	1.04081077419232	1.04081077419232
0.0499999999999377	1.05127109637596	1.05127109637596
0.0599999999999377	1.06183654654529	1.06183654654529
0.0699999999999377	1.07250818125415	1.07250818125415
0.0799999999999377	1.08328706767489	1.08328706767489
0.0899999999999377	1.09417428370514	1.09417428370514
0.0999999999999377	1.10517091807558	1.10517091807558
0.109999999999938	1.1162780704588	1.1162780704588
0.119999999999938	1.12749685157931	1.12749685157931
0.129999999999938	1.13882838332455	1.13882838332455
0.139999999999938	1.15027379885716	1.15027379885716
0.149999999999938	1.16183424272821	1.16183424272821
0.159999999999938	1.17351087099174	1.17351087099174
0.169999999999938	1.18530485132029	1.18530485132029
0.179999999999938	1.19721736312174	1.19721736312174
0.189999999999938	1.20924959765718	1.20924959765718
0.199999999999938	1.22140275816009	1.22140275816009
0.209999999999938	1.23367805995667	1.23367805995667
0.219999999999938	1.2460767305873	1.2460767305873
0.229999999999938	1.2586000099294	1.2586000099294
0.239999999999938	1.27124915032133	1.27124915032133
0.249999999999938	1.28402541668766	1.28402541668766
0.259999999999938	1.29693008666569	1.29693008666569
0.269999999999938	1.30996445073317	1.30996445073317
0.279999999999938	1.32312981233735	1.32312981233735
0.289999999999938	1.33642748802539	1.33642748802539
0.299999999999938	1.34985880757592	1.34985880757592
0.309999999999938	1.36342511413209	1.36342511413209
0.319999999999938	1.37712776433587	1.37712776433587
0.329999999999938	1.39096812846369	1.39096812846369
0.339999999999938	1.40494759056351	1.40494759056351
0.349999999999938	1.41906754859317	1.41906754859317
0.359999999999938	1.43332941456025	1.43332941456025
0.369999999999938	1.44773461466323	1.44773461466323
0.379999999999938	1.46228458943413	1.46228458943413
0.389999999999938	1.47698079388255	1.47698079388255
0.399999999999938	1.49182469764118	1.49182469764118
0.409999999999938	1.50681778511276	1.50681778511276
0.419999999999938	1.52196155561854	1.52196155561854
0.429999999999938	1.53725752354819	1.53725752354819
0.439999999999938	1.55270721851124	1.55270721851124
0.449999999999938	1.56831218549007	1.56831218549007
0.459999999999938	1.58407398499438	1.58407398499438
0.469999999999938	1.59999419321726	1.59999419321726
0.479999999999938	1.61607440219279	1.61607440219279
0.489999999999938	1.63231621995528	1.63231621995528
0.499999999999938	1.64872127070003	1.64872127070003
0.509999999999938	1.66529119494578	1.66529119494578
0.519999999999938	1.68202764969878	1.68202764969878
0.529999999999938	1.69893230861845	1.69893230861845
0.539999999999938	1.71600686218475	1.71600686218475
0.549999999999938	1.73325301786729	1.73325301786729
0.559999999999938	1.75067250029599	1.75067250029599
0.569999999999938	1.76826705143363	1.76826705143363
0.579999999999938	1.78603843074996	1.78603843074996
0.589999999999938	1.80398841539775	1.80398841539775
0.599999999999938	1.82211880039039	1.8221188003904
0.609999999999938	1.84043139878152	1.84043139878152
0.619999999999938	1.85892804184623	1.85892804184623
0.629999999999938	1.87761057926423	1.87761057926423
0.639999999999938	1.89648087930483	1.89648087930483
0.649999999999938	1.91554082901378	1.91554082901378
0.659999999999938	1.93479233440191	1.93479233440191
0.669999999999938	1.95423732063582	1.95423732063582
0.679999999999938	1.97387773223033	1.97387773223033
0.689999999999938	1.99371553324296	1.99371553324296
0.699999999999938	2.01375270747035	2.01375270747035
0.709999999999938	2.03399125864663	2.03399125864662
0.719999999999938	2.05443321064376	2.05443321064376
0.729999999999938	2.07508060767399	2.07508060767399
0.739999999999938	2.09593551449424	2.09593551449424
0.749999999999938	2.11700001661254	2.11700001661254
0.759999999999938	2.13827622049669	2.13827622049669
0.769999999999938	2.15976625378478	2.15976625378478
0.779999999999938	2.18147226549807	2.18147226549807
0.789999999999938	2.2033964262558	2.2033964262558
0.799999999999938	2.22554092849233	2.22554092849233
0.809999999999938	2.24790798667633	2.24790798667633
0.819999999999938	2.27049983753226	2.27049983753227
0.829999999999938	2.29331874026404	2.29331874026404
0.839999999999938	2.31636697678095	2.31636697678095
0.849999999999938	2.33964685192585	2.33964685192585
0.859999999999938	2.36316069370565	2.36316069370565
0.869999999999938	2.38691085352413	2.38691085352413
0.879999999999938	2.41089970641706	2.41089970641706
0.889999999999938	2.43512965128973	2.43512965128972
0.899999999999938	2.4596031111568	2.4596031111568
0.909999999999938	2.48432253338466	2.48432253338466
0.919999999999938	2.50929038993614	2.50929038993614
0.929999999999938	2.5345091776177	2.5345091776177
0.939999999999938	2.55998141832911	2.55998141832911
0.949999999999938	2.58570965931569	2.58570965931569
0.959999999999938	2.61169647342296	2.61169647342296
0.969999999999938	2.63794445935399	2.63794445935399
0.979999999999938	2.66445624192925	2.66445624192925
0.989999999999938	2.6912344723491	2.6912344723491
0.999999999999938	2.71828182845888	2.71828182845888
1.00999999999994	2.74560101501675	2.74560101501675
1.01999999999994	2.77319476396413	2.77319476396413
1.02999999999994	2.80106583469891	2.80106583469891
1.03999999999994	2.82921701435138	2.82921701435138
1.04999999999994	2.85765111806299	2.85765111806299
1.05999999999994	2.88637098926778	2.88637098926778
1.06999999999994	2.91537949997682	2.91537949997682
1.07999999999994	2.94467955106534	2.94467955106534
1.08999999999994	2.97427407256288	2.97427407256288
1.09999999999994	3.00416602394625	3.00416602394625
1.10999999999994	3.03435839443549	3.03435839443549
1.11999999999994	3.06485420329281	3.06485420329281
1.12999999999994	3.09565650012452	3.09565650012452
1.13999999999994	3.12676836518596	3.12676836518596
1.14999999999994	3.15819290968957	3.15819290968957
1.15999999999994	3.18993327611599	3.18993327611599
1.16999999999994	3.2219926385283	3.2219926385283
1.17999999999994	3.25437420288947	3.25437420288947
1.18999999999994	3.28708120738291	3.28708120738292
1.19999999999994	3.32011692273634	3.32011692273634
1.20999999999994	3.35348465254882	3.35348465254882
1.21999999999994	3.38718773362112	3.38718773362113
1.22999999999994	3.42122953628947	3.42122953628946
1.23999999999994	3.45561346476246	3.45561346476246
1.24999999999994	3.49034295746163	3.49034295746163
1.25999999999994	3.52542148736516	3.52542148736517
1.26999999999994	3.5608525623553	3.5608525623553
1.27999999999994	3.59663972556906	3.59663972556906
1.28999999999994	3.63278655575259	3.63278655575259
1.29999999999994	3.66929666761902	3.66929666761902
1.30999999999994	3.70617371220997	3.70617371220997
1.31999999999994	3.74342137726063	3.74342137726063
1.32999999999994	3.78104338756855	3.78104338756855
1.33999999999994	3.8190435053661	3.8190435053661
1.34999999999994	3.85742553069674	3.85742553069674
1.35999999999994	3.89619330179497	3.89619330179498
1.36999999999994	3.93535069547022	3.93535069547023
1.37999999999994	3.97490162749451	3.9749016274945
1.38999999999994	4.01485005299396	4.01485005299396
1.39999999999994	4.05519996684442	4.05519996684443
1.40999999999994	4.09595540407093	4.09595540407093
1.41999999999994	4.13712044025114	4.13712044025114
1.42999999999994	4.17869919192299	4.17869919192299
1.43999999999994	4.22069581699629	4.22069581699629
1.44999999999994	4.26311451516856	4.26311451516856
1.45999999999994	4.30595952834494	4.30595952834494
1.46999999999994	4.34923514106248	4.34923514106247
1.47999999999994	4.39294568091849	4.39294568091849
1.48999999999994	4.4370955190034	4.43709551900339
1.49999999999994	4.48168907033779	4.48168907033779
1.50999999999994	4.52673079431397	4.52673079431398
1.51999999999994	4.57222519514187	4.57222519514188
1.52999999999994	4.6181768222995	4.6181768222995
1.53999999999994	4.66459027098784	4.66459027098784
1.54999999999994	4.71147018259045	4.71147018259045
1.55999999999994	4.75882124513757	4.75882124513756
1.56999999999994	4.80664819377488	4.80664819377488
1.57999999999994	4.85495581123714	4.85495581123714
1.58999999999994	4.90374892832632	4.90374892832632
1.59999999999994	4.95303242439482	4.95303242439481
1.60999999999994	5.00281122783328	5.00281122783328
1.61999999999994	5.05309031656356	5.05309031656356
1.62999999999994	5.10387471853642	5.10387471853641
1.63999999999994	5.15516951223437	5.15516951223437
1.64999999999994	5.20697982717954	5.20697982717953
1.65999999999994	5.25931084444659	5.25931084444658
1.66999999999994	5.31216779718085	5.31216779718084
1.67999999999994	5.36555597112165	5.36555597112165
1.68999999999994	5.41948070513087	5.41948070513087
1.69999999999994	5.47394739172686	5.47394739172687
1.70999999999994	5.52896147762367	5.52896147762367
1.71999999999994	5.58452846427572	5.58452846427571
1.72999999999994	5.64065390842798	5.64065390842798
1.73999999999994	5.69734342267164	5.69734342267164
1.74999999999994	5.75460267600538	5.75460267600538
1.75999999999994	5.81243739440224	5.81243739440223
1.76999999999994	5.87085336138225	5.87085336138224
1.77999999999994	5.92985641859077	5.92985641859078
1.78999999999994	5.98945246638275	5.98945246638275
1.79999999999994	6.04964746441257	6.04964746441258
1.80999999999994	6.11044743223023	6.11044743223024
1.81999999999994	6.17185844988318	6.17185844988318
1.82999999999994	6.23388665852433	6.23388665852434
1.83999999999994	6.29653826102627	6.29653826102627
1.84999999999994	6.35981952260145	6.35981952260144
1.85999999999994	6.42373677142874	6.42373677142874
1.86999999999994	6.48829639928631	6.48829639928632
1.87999999999994	6.55350486219074	6.55350486219075
1.88999999999994	6.61936868104267	6.61936868104267
1.89999999999994	6.68589444227887	6.68589444227886
1.90999999999994	6.75308879853087	6.75308879853088
1.91999999999994	6.82095846929032	6.82095846929033
1.92999999999994	6.88951024158087	6.88951024158087
1.93999999999994	6.95875097063685	6.95875097063685
1.94999999999994	7.02868758058886	7.02868758058887
1.95999999999994	7.09932706515621	7.0993270651562
1.96999999999994	7.17067648834617	7.17067648834618
1.97999999999994	7.24274298516058	7.24274298516057
1.98999999999994	7.31553376230911	7.31553376230912
1.99999999999994	7.38905609893021	7.3890560989302
2.00999999999994	7.46331734731874	7.46331734731874
2.01999999999994	7.53832493366145	7.53832493366146
2.02999999999994	7.61408635877953	7.61408635877951
2.03999999999994	7.69060919887853	7.69060919887852
2.04999999999994	7.76790110630628	7.76790110630629
2.05999999999994	7.84596981031797	7.84596981031796
2.06999999999994	7.92482311784898	7.92482311784899
2.07999999999994	8.00446891429587	8.00446891429585
2.08999999999994	8.08491516430455	8.08491516430455
2.09999999999994	8.16616991256714	8.16616991256714
2.10999999999994	8.24824128462613	8.24824128462614
2.11999999999994	8.33113748768713	8.33113748768716
2.12999999999994	8.41486681143959	8.41486681143959
2.13999999999994	8.4994376288856	8.49943762888558
2.14999999999994	8.58485839717738	8.58485839717734
2.15999999999994	8.6711376584629	8.6711376584629
2.16999999999994	8.75828404074026	8.75828404074027
2.17999999999994	8.84630625872032	8.84630625872031
2.18999999999994	8.93521311469815	8.93521311469817
2.19999999999993	9.02501349943354	9.02501349943353
2.20999999999993	9.11571639303972	9.11571639303971
2.21999999999993	9.20733086588164	9.20733086588165
2.22999999999993	9.29986607948298	9.29986607948297
2.23999999999993	9.39333128744219	9.39333128744216
2.24999999999993	9.48773583635791	9.4877358363579
2.25999999999993	9.58308916676377	9.58308916676374
2.26999999999993	9.6794008140722	9.6794008140722
2.27999999999993	9.77668040952828	9.77668040952825
2.28999999999993	9.8749376811725	9.87493768117252
2.29999999999993	9.97418245481404	9.97418245481405
2.30999999999993	10.0744246550129	10.0744246550129
2.31999999999993	10.1756743060727	10.1756743060726
2.32999999999993	10.2779415330427	10.2779415330427
2.33999999999993	10.3812365627311	10.3812365627311
2.34999999999993	10.4855697247268	10.4855697247269
2.35999999999993	10.5909514524331	10.5909514524331
2.36999999999993	10.6973922841103	10.6973922841103
2.37999999999993	10.8049028639305	10.8049028639305
2.38999999999993	10.9134939430412	10.9134939430412
2.39999999999993	11.0231763806409	11.0231763806408
2.40999999999993	11.1339611450645	11.1339611450645
2.41999999999993	11.2458593148811	11.2458593148811
2.42999999999993	11.3588820800006	11.3588820800007
2.43999999999993	11.473040742794	11.473040742794
2.44999999999993	11.5883467192226	11.5883467192226
2.45999999999993	11.7048115399801	11.70481153998
2.46999999999993	11.8224468516455	11.8224468516455
2.47999999999993	11.9412644178482	11.9412644178483
2.48999999999993	12.0612761204438	12.0612761204439
2.49999999999993	12.1824939607026	12.1824939607026
2.50999999999993	12.3049300605095	12.3049300605095
2.51999999999993	12.4285966635767	12.4285966635767
2.52999999999993	12.5535061366673	12.5535061366673
2.53999999999993	12.6796709708329	12.679670970833
2.54999999999993	12.8071037826621	12.8071037826621
2.55999999999993	12.9358173155422	12.9358173155421
2.56999999999993	13.0658244409336	13.0658244409336
2.57999999999993	13.1971381596574	13.1971381596574
2.58999999999993	13.3297716031948	13.3297716031948
2.59999999999993	13.4637380350008	13.4637380350007
2.60999999999993	13.5990508518299	13.5990508518299
2.61999999999993	13.7357235850769	13.7357235850769
2.62999999999993	13.8737699021289	13.8737699021289
2.63999999999993	14.0132036077326	14.0132036077326
2.64999999999993	14.1540386453747	14.1540386453747
2.65999999999993	14.2962890986765	14.2962890986765
2.66999999999992	14.4399691928018	14.4399691928018
2.67999999999992	14.5850932958797	14.5850932958797
2.68999999999992	14.7316759204415	14.7316759204415
2.69999999999992	14.8797317248717	14.8797317248717
2.70999999999992	15.0292755148742	15.0292755148743
2.71999999999992	15.1803222449527	15.1803222449527
2.72999999999992	15.332887019906	15.332887019906
2.73999999999992	15.4869850963387	15.4869850963387
2.74999999999992	15.6426318841869	15.642631884187
2.75999999999992	15.7998429482592	15.7998429482592
2.76999999999992	15.9586340097929	15.9586340097928
2.77999999999992	16.1190209480263	16.1190209480263
2.78999999999992	16.2810198017871	16.2810198017872
2.79999999999992	16.4446467710958	16.4446467710958
2.80999999999992	16.6099182187854	16.6099182187854
2.81999999999992	16.7768506721386	16.7768506721386
2.82999999999992	16.9454608245397	16.9454608245397
2.83999999999992	17.1157655371446	17.1157655371445
2.84999999999992	17.2877818405663	17.2877818405663
2.85999999999992	17.4615269365786	17.4615269365786
2.86999999999992	17.6370181998359	17.6370181998359
2.87999999999992	17.8142731796107	17.8142731796108
2.88999999999992	17.9933096015489	17.9933096015489
2.89999999999992	18.1741453694416	18.1741453694416
2.90999999999992	18.3567985670165	18.3567985670165
2.91999999999992	18.5412874597453	18.5412874597454
2.92999999999992	18.7276304966714	18.7276304966714
2.93999999999992	18.9158463122535	18.9158463122535
2.94999999999992	19.1059537282301	19.1059537282301
2.95999999999992	19.2979717555011	19.2979717555012
2.96999999999992	19.4919195960296	19.4919195960295
2.97999999999992	19.6878166447608	19.6878166447608
2.98999999999992	19.8856824915631	19.8856824915631
2.99999999999992	20.0855369231861	20.085536923186
3.00999999999992	20.2873999252392	20.2873999252393
3.01999999999992	20.4912916841913	20.4912916841912
3.02999999999992	20.6972325893877	20.6972325893878
3.03999999999992	20.905243235091	20.905243235091
3.04999999999992	21.1153444225389	21.1153444225389
3.05999999999992	21.3275571620252	21.3275571620251
3.06999999999992	21.5419026750006	21.5419026750006
3.07999999999992	21.7584023961953	21.7584023961953
3.08999999999992	21.9770779757616	21.9770779757616
3.09999999999992	22.1979512814397	22.1979512814398
3.10999999999992	22.4210444007444	22.4210444007444
3.11999999999992	22.6463796431735	22.6463796431735
3.12999999999992	22.8739795424389	22.8739795424389
3.13999999999991	23.1038668587202	23.1038668587202
3.14999999999991	23.3360645809408	23.3360645809407
3.15999999999991	23.570595929066	23.5705959290661
3.16999999999991	23.8074843564266	23.8074843564266
3.17999999999991	24.0467535520625	24.0467535520624
3.18999999999991	24.2884274430924	24.2884274430925
3.19999999999991	24.5325301971072	24.5325301971072
3.20999999999991	24.7790862245855	24.7790862245855
3.21999999999991	25.0281201813357	25.0281201813356
3.22999999999991	25.2796569709607	25.2796569709607
3.23999999999991	25.5337217473493	25.5337217473493
3.24999999999991	25.7903399171907	25.7903399171908
3.25999999999991	26.049537142516	26.0495371425161
3.26999999999991	26.3113393432636	26.3113393432636
3.27999999999991	26.5757726998716	26.5757726998716
3.28999999999991	26.8428636558962	26.8428636558962
3.29999999999991	27.1126389206555	27.1126389206555
3.30999999999991	27.3851254719008	27.3851254719008
3.31999999999991	27.6603505585143	27.6603505585143
3.32999999999991	27.938341703234	27.938341703234
3.33999999999991	28.2191267054061	28.2191267054061
3.34999999999991	28.5027336437647	28.5027336437647
3.35999999999991	28.7891908792401	28.7891908792401
3.36999999999991	29.0785270577945	29.0785270577945
3.37999999999991	29.3707711132867	29.3707711132868
3.38999999999991	29.6659522703662	29.6659522703662
3.39999999999991	29.9641000473944	29.9641000473943
3.40999999999991	30.2652442593973	30.2652442593973
3.41999999999991	30.5694150210475	30.5694150210474
3.42999999999991	30.8766427496742	30.8766427496742
3.43999999999991	31.1869581683067	31.1869581683066
3.44999999999991	31.500392308745	31.500392308745
3.45999999999991	31.8169765146647	31.8169765146648
3.46999999999991	32.1367424447502	32.1367424447502
3.47999999999991	32.4597220758608	32.4597220758608
3.48999999999991	32.7859477062288	32.7859477062289
3.49999999999991	33.1154519586893	33.1154519586892
3.50999999999991	33.4482677839418	33.4482677839418
3.51999999999991	33.7844284638464	33.7844284638464
3.52999999999991	34.1239676147512	34.1239676147512
3.53999999999991	34.4669191908541	34.4669191908542
3.54999999999991	34.8133174875988	34.8133174875988
3.55999999999991	35.1631971451033	35.1631971451033
3.56999999999991	35.5165931516251	35.5165931516251
3.57999999999991	35.8735408470593	35.8735408470594
3.58999999999991	36.2340759264731	36.234075926473
3.59999999999991	36.5982344436746	36.5982344436745
3.6099999999999	36.9660528148191	36.966052814819
3.6199999999999	37.33756782205	37.3375678220501
3.6299999999999	37.7128166171781	37.7128166171781
3.6399999999999	38.0918367253953	38.0918367253954
3.6499999999999	38.4746660490286	38.4746660490284
3.6599999999999	38.8613428713286	38.8613428713287
3.6699999999999	39.2519058603007	39.2519058603007
3.6799999999999	39.6463940725688	39.6463940725688
3.6899999999999	40.0448469572828	40.0448469572828
3.6999999999999	40.4473043600635	40.4473043600635
3.7099999999999	40.8538065269863	40.8538065269863
3.7199999999999	41.2643941086068	41.2643941086068
3.7299999999999	41.6791081640253	41.6791081640252
3.7399999999999	42.0979901649928	42.0979901649928
3.7499999999999	42.5210820000586	42.5210820000586
3.7599999999999	42.9484259787588	42.9484259787588
3.7699999999999	43.3800648358474	43.3800648358473
3.7799999999999	43.8160417355696	43.8160417355696
3.7899999999999	44.256400275979	44.256400275979
3.7999999999999	44.7011844932964	44.7011844932964
3.8099999999999	45.1504388663141	45.1504388663142
3.8199999999999	45.6042083208443	45.6042083208442
3.8299999999999	46.0625382342098	46.0625382342099
3.8399999999999	46.5254744397846	46.5254744397846
3.8499999999999	46.9930632315746	46.9930632315746
3.8599999999999	47.4653513688486	47.4653513688488
3.8699999999999	47.9423860808144	47.9423860808144
3.8799999999999	48.4242150713401	48.4242150713403
3.8899999999999	48.9108865237269	48.9108865237269
3.8999999999999	49.402449105525	49.4024491055252
3.9099999999999	49.8989519734027	49.8989519734028
3.9199999999999	50.4004447780604	50.4004447780604
3.9299999999999	50.9069776691964	50.9069776691962
3.9399999999999	51.4186013005216	51.4186013005217
3.9499999999999	51.9353668348261	51.9353668348261
3.9599999999999	52.4573259490938	52.4573259490937
3.9699999999999	52.9845308396707	52.9845308396707
3.9799999999999	53.5170342274855	53.5170342274856
3.9899999999999	54.0548893633212	54.054889363321
3.9999999999999	54.5981500331384	54.5981500331386
4.0099999999999	55.1468705634584	55.1468705634581
4.0199999999999	55.7011058267897	55.7011058267898
4.0299999999999	56.2609112471224	56.260911247122
4.0399999999999	56.826342805463	56.8263428054631
4.0499999999999	57.3974570454401	57.3974570454402
4.0599999999999	57.9743110789533	57.9743110789532
4.0699999999999	58.5569625918859	58.5569625918862
4.0799999999999	59.1454698498757	59.1454698498761
4.0899999999999	59.7398917041393	59.7398917041389
4.09999999999989	60.3402875973553	60.3402875973556
4.10999999999989	60.946717569616	60.9467175696158
4.11999999999989	61.5592422644218	61.559242264422
4.12999999999989	62.1779229347541	62.1779229347542
4.13999999999989	62.8028214491952	62.802821449195
4.14999999999989	63.4340002981169	63.4340002981166
4.15999999999989	64.0715225999298	64.0715225999298
4.16999999999989	64.715452107396	64.7154521073961
4.17999999999989	65.3658532140024	65.3658532140029
4.18999999999989	66.0227909604022	66.0227909604029
4.19999999999989	66.6863310409175	66.686331040918
4.20999999999989	67.3565398101091	67.3565398101093
4.21999999999989	68.0334842894117	68.0334842894123
4.22999999999989	68.7172321738393	68.7172321738391
4.23999999999989	69.407851838748	69.4078518387477
4.24999999999989	70.1054123466804	70.1054123466803
4.25999999999989	70.8099834542689	70.8099834542689
4.26999999999989	71.521635619211	71.5216356192114
4.27999999999989	72.2404400073175	72.2404400073175
4.28999999999989	72.966468499625	72.9664684996248
4.29999999999989	73.6997936995879	73.6997936995877
4.30999999999989	74.4404889403371	74.4404889403373
4.31999999999989	75.1886282920145	75.1886282920148
4.32999999999989	75.944286569179	75.944286569179
4.33999999999989	76.7075393382875	76.7075393382871
4.34999999999989	77.4784629252528	77.4784629252523
4.35999999999989	78.2571344230754	78.2571344230756
4.36999999999989	79.0436316995551	79.0436316995557
4.37999999999989	79.8380334050754	79.8380334050756
4.38999999999989	80.6404189804685	80.640418980468
4.39999999999989	81.4508686649586	81.450868664959
4.40999999999989	82.2694635041931	82.2694635041925
4.41999999999989	83.0962853583342	83.0962853583345
4.42999999999989	83.931416910259	83.9314169102594
4.43999999999989	84.774941673818	84.7749416738185
4.44999999999989	85.6269440021906	85.6269440021909
4.45999999999989	86.4875090963193	86.4875090963196
4.46999999999989	87.3567230134312	87.3567230134311
4.47999999999989	88.2346726756414	88.2346726756415
4.48999999999989	89.1214458786482	89.1214458786485
4.49999999999989	90.0171313005111	90.0171313005116
4.50999999999989	90.9218185105194	90.9218185105192
4.51999999999989	91.8355979781461	91.8355979781463
4.52999999999989	92.758561082101	92.7585610821011
4.53999999999989	93.6908001194627	93.6908001194632
4.54999999999989	94.6324083149129	94.6324083149132
4.55999999999989	95.583479830055	95.5834798300553
4.56999999999988	96.5441097728337	96.5441097728335
4.57999999999988	97.5143942070431	97.5143942070428
4.58999999999988	98.4944301619347	98.4944301619349
4.59999999999988	99.4843156419226	99.4843156419223
4.60999999999988	100.484149636377	100.484149636378
4.61999999999988	101.494032129534	101.494032129534
4.62999999999988	102.514064110482	102.514064110482
4.63999999999988	103.544347583269	103.544347583269
4.64999999999988	104.584985577102	104.584985577102
4.65999999999988	105.636082156647	105.636082156647
4.66999999999988	106.697742432439	106.697742432438
4.67999999999988	107.770072571388	107.770072571388
4.68999999999988	108.853179807403	108.853179807403
4.69999999999988	109.947172452111	109.947172452111
4.70999999999988	111.052159905686	111.052159905686
4.71999999999988	112.168252667795	112.168252667796
4.72999999999988	113.295562348647	113.295562348646
4.73999999999988	114.434201680145	114.434201680145
4.74999999999988	115.584284527173	115.584284527174
4.75999999999988	116.745925898976	116.745925898976
4.76999999999988	117.919241960656	117.919241960657
4.77999999999988	119.1043500448	119.1043500448
4.78999999999988	120.301368663201	120.301368663201
4.79999999999988	121.510417518721	121.51041751872
4.80999999999988	122.73161751725	122.73161751725
4.81999999999988	123.965090779809	123.965090779809
4.82999999999988	125.210960654751	125.21096065475
4.83999999999988	126.469351730099	126.469351730099
4.84999999999988	127.740389846014	127.740389846013
4.85999999999988	129.024202107364	129.024202107363
4.86999999999988	130.320916896443	130.320916896443
4.87999999999988	131.630663885815	131.630663885814
4.88999999999988	132.953574051266	132.953574051267
4.89999999999988	134.289779684918	134.289779684919
4.90999999999988	135.639414408448	135.639414408449
4.91999999999988	137.002613186453	137.002613186452
4.92999999999988	138.379512339943	138.379512339944
4.93999999999988	139.770249559986	139.770249559986
4.94999999999988	141.17496392146	141.174963921459
4.95999999999988	142.593795896971	142.593795896971
4.96999999999988	144.026887370901	144.026887370902
4.97999999999988	145.474381653593	145.474381653592
4.98999999999988	146.936423495678	146.936423495677
4.99999999999988	148.413159102558	148.413159102558
