-1	0.363000140796059	0.201042092848404	-0.000316031078141155
-0.99	0.362515297719523	0.206642665917532	-0.0484390824003564
-0.98	0.361041675902687	0.212070205480034	-0.0989422697856988
-0.97	0.35854701763308	0.21730528187569	-0.151751716090295
-0.96	0.355001012941264	0.222328050896268	-0.206781939981923
-0.95	0.350375506218499	0.227118297888742	-0.263935726519086
-0.94	0.34464470330406	0.231655485515943	-0.32310405039605
-0.93	0.337785378033441	0.235918805154301	-0.384166054814687
-0.92	0.32977707719063	0.239887231889293	-0.446989088746511
-0.91	0.320602322763711	0.243539583049454	-0.511428805122392
-0.9	0.310246810363586	0.246854580199351	-0.577329322232855
-0.89	0.298699602631246	0.249810914490791	-0.644523450339422
-0.88	0.285953316430153	0.252387315250014	-0.712832985187525
-0.87	0.272004302597399	0.254562621656561	-0.782069069775265
-0.86	0.256852817010934	0.256315857347301	-0.852032625370737
-0.85	0.240503181720571	0.257626307756583	-0.922514852385339
-0.84	0.22296393488822	0.258473599981075	-0.993297801303113
-0.83	0.204247968288172	0.258837784935407	-1.06415501343868
-0.82	0.184372651131537	0.258699421542619	-1.13485223085095
-0.81	0.163359939000543	0.25803966268168	-1.20514817427914
-0.8	0.141236466708403	0.256840342593088	-1.27479538749401
-0.79	0.118033623939133	0.255084065423056	-1.34354114597424
-0.78	0.0937876125691992	0.252754294567129	-1.41112842732784
-0.77	0.0685394846291567	0.24983544245539	-1.47729694038565
-0.76	0.0423351599286166	0.246312960403909	-1.54178420940096
-0.75	0.0152254224418265	0.242173428140942	-1.60432670930051
-0.74	-0.0127341053661798	0.237404642601666	-1.66466104745085
-0.73	-0.04148301100189	0.231995705572199	-1.7225251869345
-0.72	-0.0709561638237117	0.225937109752348	-1.77765970587628
-0.71	-0.101083810863004	0.219220822797207	-1.82980908692571
-0.7	-0.131791696993597	0.211840368890422	-1.87872303059038
-0.69	-0.163001209736104	0.203790907396824	-1.92415778573201
-0.68	-0.19462954885527	0.195069308139345	-1.96587749018483
-0.67	-0.226589920774809	0.185674222844763	-2.00365551413914
-0.66	-0.258791757695204	0.175606152304891	-2.03727579865555
-0.65	-0.291140961156697	0.164867508804599	-2.06653418143973
-0.64	-0.323540169642786	0.153462673375369	-2.09123970181812
-0.63	-0.355889049670059	0.141398047443207	-2.11121587671426
-0.62	-0.388084609658876	0.128682098452493	-2.12630193933605
-0.61	-0.420021535727324	0.115325399063007	-2.13635403224912
-0.6	-0.451592548398959	0.101340659535637	-2.14124634653204
-0.59	-0.482688779064248	0.0867427529434248	-2.14087219878798
-0.58	-0.513200164887232	0.0715487328683682	-2.13514503792473
-0.57	-0.543015860704017	0.0557778432708556	-2.12399937381311
-0.56	-0.572024666319225	0.0394515202476562	-2.10739162019143
-0.55	-0.60011546747163	0.022593385425858	-2.08530084450227
-0.54	-0.627177688611992	0.00522923077405402	-2.05772941772628
-0.53	-0.653101755515583	-0.0126130053518256	-2.02470355771438
-0.52	-0.677779565640221	-0.0309032710724884	-1.98627376001447
-0.51	-0.701104964038673	-0.049609442863384	-1.94251511073793
-0.5	-0.722974222543156	-0.0686973765094971	-1.89352747661397
-0.49	-0.743286519860207	-0.0881309671560682	-1.8394355680313
-0.48	-0.761944420147249	-0.107872218429901	-1.78038887156498
-0.47	-0.778854347588636	-0.127881320560267	-1.71656144922658
-0.46	-0.793927054449381	-0.148116737382006	-1.64815160245367
-0.45	-0.807078080059932	-0.168535302056469	-1.5753813996655
-0.44	-0.81822819817573	-0.189092321298684	-1.4984960670506
-0.429999999999999	-0.827303850161236	-0.209741687852002	-1.41776324311232
-0.419999999999999	-0.834237561470136	-0.230436000904561	-1.33347209837547
-0.409999999999999	-0.838968338931616	-0.25112669409563	-1.24593232254392
-0.399999999999999	-0.841442046407063	-0.271764170714553	-1.15547298228974
-0.389999999999999	-0.841611756452386	-0.292297945650827	-1.06244125374189
-0.379999999999999	-0.839438075708105	-0.312676793611189	-0.967201034620684
-0.369999999999999	-0.834889441842274	-0.332848903078696	-0.870131441825859
-0.359999999999999	-0.827942389989724	-0.352762035449993	-0.771625201124795
-0.349999999999999	-0.818581786764647	-0.372363688750498	-0.672086936396225
-0.339999999999999	-0.80680103007147	-0.39160126529339	-0.571931366657395
-0.329999999999999	-0.792602213100614	-0.41042224261738	-0.471581419832182
-0.319999999999999	-0.775996251070247	-0.428774347010335	-0.371466272898569
-0.309999999999999	-0.757002969461561	-0.446605728901404	-0.272019328679569
-0.299999999999999	-0.735651152692307	-0.463865139383293	-0.173676140107125
-0.289999999999999	-0.711978552380311	-0.480502107109142	-0.0768722932881136
-0.279999999999999	-0.686031854564009	-0.496467114795174	0.0179587388690887
-0.269999999999999	-0.657866605469504	-0.511711774550921	0.110387760354432
-0.259999999999999	-0.627547095641859	-0.526189001253833	0.199992020693141
-0.249999999999999	-0.595146202490688	-0.539853183184066	0.286357375935681
-0.239999999999999	-0.560745191535273	-0.55266034913877	0.369080429306113
-0.229999999999999	-0.524433476870712	-0.564568331252917	0.447770638789268
-0.219999999999999	-0.48630834161252	-0.575536922765798	0.522052378999706
-0.209999999999999	-0.446474619310944	-0.585528029988822	0.591566944825472
-0.199999999999999	-0.405044337556554	-0.594505817750865	0.655974484577302
-0.189999999999999	-0.362136325223721	-0.602436847622388	0.714955850698388
-0.179999999999999	-0.317875785016874	-0.609290208248463	0.768214356499237
-0.169999999999999	-0.272393833194445	-0.615037637153793	0.815477427874642
-0.159999999999999	-0.225827008545557	-0.619653633419484	0.856498139532171
-0.149999999999999	-0.178316752883496	-0.623115560671618	0.891056625910352
-0.139999999999999	-0.130008865496378	-0.625403739865316	0.918961357685731
-0.129999999999999	-0.0810529341579533	-0.626501531394759	0.94005027555613
-0.119999999999999	-0.0316017454489183	-0.626395406109225	0.954191773837707
-0.109999999999999	0.0181893227294693	-0.6250750048675	0.961285527319527
-0.0999999999999992	0.0681629234534867	-0.622533186317426	0.961263155775072
-0.0899999999999992	0.118160374794402	-0.618766062643816	0.954088721528585
-0.0799999999999993	0.168022302385301	-0.613773023086075	0.939759056508137
-0.0699999999999993	0.217589287308865	-0.607556745086153	0.918303916279352
-0.0599999999999993	0.266702516038991	-0.600123192987751	0.88978595963586
-0.0499999999999993	0.315204429150391	-0.591481604268536	0.854300553417322
-0.0399999999999993	0.362939365511806	-0.581644463348126	0.811975403324482
-0.0299999999999992	0.409754198700062	-0.570627463075426	0.762970012595888
-0.0199999999999992	0.455498962413888	-0.558449454059276	0.707474971493765
-0.00999999999999925	0.500027461727858	-0.545132382065666	0.645711081609903
7.52869988573934E-16	0.543197867107605	-0.530701213762987	0.577928320037641
0.0100000000000008	0.584873288207038	-0.515183851153255	0.504404649456176
0.0200000000000008	0.624922324585931	-0.498611035081853	0.425444681130975
0.0300000000000008	0.663219590621197	-0.481016238270586	0.341378198741672
0.0400000000000008	0.699646212036367	-0.462435548368589	0.252558551800803
0.0500000000000008	0.734090291640253	-0.442907541562475	0.159360928216056
0.0600000000000008	0.766447342046331	-0.422473147330755	0.0621805162705256
0.0700000000000008	0.796620683337695	-0.401175504967942	-0.0385694330556321
0.0800000000000008	0.824521803847212	-0.379059812540381	-0.142459631926973
0.0900000000000007	0.850070682437294	-0.356173168968759	-0.24904685767194
0.100000000000001	0.873196070887048	-0.332564409961164	-0.357876118586712
0.110000000000001	0.893835735224785	-0.308283938545261	-0.468482870810653
0.120000000000001	0.911936655079595	-0.283383550968741	-0.580395273328205
0.130000000000001	0.927455180365119	-0.257916258753331	-0.693136468009222
0.140000000000001	0.940357144850252	-0.231936107699467	-0.806226871546357
0.150000000000001	0.950617936413645	-0.205497994646068	-0.919186466183826
0.160000000000001	0.958222524019914	-0.178657482792807	-1.03153707625574
0.170000000000001	0.963165441693824	-0.151470616390811	-1.14280461776206
0.180000000000001	0.965450730002886	-0.12399373560192	-1.25252130850408
0.190000000000001	0.96509183578717	-0.0962832923165857	-1.36022782667582
0.200000000000001	0.962111471096414	-0.06839566770633	-1.46547540625918
0.210000000000001	0.956541432507172	-0.0403869922684374	-1.56782785809527
0.220000000000001	0.948422382195584	-0.0123129690985908	-1.66686350609632
0.230000000000001	0.937803592333132	0.0157712988985863	-1.76217702871844
0.240000000000001	0.924742654552391	0.0438114771802112	-1.85338119652744
0.250000000000001	0.909305156396199	0.071754162468566	-1.94010849745414
0.260000000000001	0.891564326816108	0.0995470397740945	-2.0220126421439
0.270000000000001	0.871600652923473	0.127139032962901	-2.09876994265236
0.280000000000001	0.849501470318607	0.154480448334152	-2.17008055861798
0.290000000000001	0.825360529429408	0.181523110715492	-2.23566960594532
0.300000000000001	0.799277540380386	0.208220491629124	-2.29528812395415
0.310000000000001	0.771357698985827	0.23452782912733	-2.34871389788168
0.320000000000001	0.741711196516641	0.260402238943612	-2.39575213456074
0.330000000000001	0.710452715929426	0.285802816654024	-2.43623599002999
0.340000000000001	0.677700917268252	0.310690730592227	-2.47002694875553
0.350000000000001	0.643577914955078	0.335029305311279	-2.49701505505044
0.360000000000001	0.608208749673694	0.35878409543451	-2.5171189981643
0.370000000000001	0.571720857525208	0.381922949787127	-2.53028605337121
0.380000000000001	0.534243539090695	0.404416065748807	-2.53649188220868
0.390000000000001	0.495907430979596	0.426236033815474	-2.53574019580385
0.400000000000001	0.45684398237124	0.447357872405244	-2.52806228596493
0.410000000000001	0.417184938972462	0.467759052989069	-2.51351642940854
0.420000000000001	0.377061836717449	0.487419515670552	-2.49218717113545
0.430000000000001	0.336605507427715	0.50632167538165	-2.46418449355364
0.440000000000001	0.295945598531336	0.524450418901171	-2.42964287847665
0.450000000000001	0.255210108812509	0.541793092941103	-2.38872026959371
0.460000000000001	0.214524942025991	0.558339483581548	-2.34159694341527
0.470000000000001	0.174013480067342	0.574081787368375	-2.28847429704152
0.480000000000001	0.133796177240122	0.589014574418371	-2.22957356138152
0.490000000000001	0.0939901770065261	0.603134743904764	-2.16513444866666
0.500000000000001	0.0547089524494311	0.61644147232116	-2.0954137432546
0.510000000000001	0.0160619715126931	0.628936154944398	-2.02068384480952
0.520000000000001	-0.0218456120761412	0.640622340936279	-1.94123127297178
0.530000000000001	-0.0589132414596887	0.651505662540794	-1.85735514259821
0.540000000000001	-0.0950452123026118	0.661593758847069	-1.76936561856361
0.550000000000001	-0.130150901023835	0.670896194599089	-1.67758235896816
0.560000000000001	-0.164144965349639	0.679424374541137	-1.58233295539686
0.570000000000001	-0.196947517082761	0.68719145379294	-1.48395137862869
0.580000000000001	-0.228484267132896	0.694212244750879	-1.38277643789832
0.590000000000001	-0.25868664299889	0.700503121011223	-1.27915026147628
0.600000000000001	-0.287491879031839	0.706081918808428	-1.17341680595676
0.610000000000001	-0.314843079940603	0.710967836456118	-1.0659204012315
0.620000000000001	-0.340689258126137	0.715181332270612	-0.957004337686152
0.630000000000001	-0.364985345548178	0.71874402144686	-0.847009501686782
0.640000000000001	-0.387692180936634	0.721678572344573	-0.736273064933758
0.650000000000001	-0.408776473260152	0.724008602628358	-0.625127232750728
0.660000000000001	-0.42821074245546	0.725758575689844	-0.513898055853793
0.670000000000001	-0.44597323850298	0.726953697762388	-0.402904309613188
0.680000000000001	-0.46204784000671	0.727619816120114	-0.292456444281484
0.690000000000001	-0.476423933499374	0.727783318732849	-0.182855609122305
0.700000000000001	-0.489096274747299	0.727471035727244	-0.074392752835629
0.710000000000001	-0.500064833373551	0.726710142982177	0.0326521978563714
0.720000000000001	-0.509334622152472	0.725528068163477	0.138011080121894
0.730000000000001	-0.516915512354203	0.72395239947936	0.241428156599941
0.740000000000001	-0.522822036534362	0.72201079741393	0.34266069631303
0.750000000000001	-0.527073180171666	0.719730909671617	0.44147947505332
0.760000000000001	-0.529692163555908	0.717140289540912	0.53766919583935
0.770000000000001	-0.530706215319924	0.714266317861206	0.631028830473557
0.780000000000001	-0.530146338993157	0.711136128752104	0.721371883638767
0.790000000000001	-0.528047073930978	0.707776539240436	0.808526581353236
0.800000000000001	-0.524446251943971	0.704213982896448	0.89233598595706
0.810000000000001	-0.519384750915083	0.700474447567388	0.972658040126806
0.820000000000001	-0.512906246650757	0.696583417274125	1.04936554270908
0.830000000000001	-0.505056964164954	0.692565818314479	1.1223460594269
0.840000000000001	-0.495885429543427	0.688445969595897	1.1915017717447
0.850000000000001	-0.485442223479766	0.684247537199892	1.2567492673788
0.860000000000001	-0.473779737515485	0.679993493161402	1.31801927610961
0.870000000000001	-0.460951933954139	0.675706078428051	1.37525635469102
0.880000000000001	-0.447014110354718	0.671406769947088	1.42841852476126
0.890000000000001	-0.432022669442926	0.667116251811826	1.47747686773854
0.900000000000001	-0.416034895210831	0.66285439038446	1.52241508073606
0.910000000000001	-0.399108735906397	0.658640213298486	1.56322899755414
0.920000000000001	-0.381302594544919	0.654491892231403	1.59992607880446
0.930000000000001	-0.362675127504931	0.650426729327097	1.63252487519403
0.940000000000001	-0.343285051702139	0.646461147137163	1.66105446794542
0.950000000000001	-0.323190960766666	0.642610681941529	1.68555389025726
0.960000000000001	-0.302451150581989	0.638889980300983	1.70607153361599
0.970000000000001	-0.28112345447842	0.63531279868762	1.72266454265889
0.980000000000001	-0.259265088310486	0.631892006033782	1.73539820216021
0.990000000000001	-0.236932505586052	0.628639589035685	1.7443453195694
