Generating random diagonal matrix of dimension 10x10.

     0.773          0          0          0          0          0          0          0          0          0 
         0      0.194          0          0          0          0          0          0          0          0 
         0          0     -0.114          0          0          0          0          0          0          0 
         0          0          0      0.646          0          0          0          0          0          0 
         0          0          0          0     0.0447          0          0          0          0          0 
         0          0          0          0          0     0.0863          0          0          0          0 
         0          0          0          0          0          0      -0.26          0          0          0 
         0          0          0          0          0          0          0     -0.138          0          0 
         0          0          0          0          0          0          0          0      0.823          0 
         0          0          0          0          0          0          0          0          0      0.328 


Generating random column vector of dimension 10.

    -0.223 
    -0.229 
     0.028 
    -0.947 
   -0.0799 
     0.845 
     0.956 
   -0.0581 
   -0.0468 
     0.355 


The eigenvalues found are:
     -0.14     -0.117      -0.11     0.0451      0.185      0.278       0.42      0.767      0.823          3 


This can be compared with the diagonal matrix obtained through our Jacobi routine:

     -0.14  -1.17e-16  -1.14e-23  -1.25e-11   1.82e-11   2.17e-12  -3.66e-13   6.05e-14  -4.18e-09  -2.94e-09 
 -1.17e-16     -0.117          0   7.91e-11   1.76e-12  -1.83e-15   4.12e-17  -2.93e-09  -1.25e-09  -2.69e-10 
 -1.73e-18  -2.17e-19      -0.11  -1.15e-10  -1.09e-12   7.34e-17  -1.53e-18   2.97e-10   1.27e-10    4.8e-11 
 -1.25e-11   7.91e-11  -1.15e-10     0.0451  -2.39e-13    1.1e-18  -1.65e-24   3.12e-11   1.37e-11    3.7e-12 
  1.82e-11   1.76e-12  -1.09e-12  -2.39e-13      0.185          0   4.55e-10   4.02e-13  -9.28e-13   1.51e-13 
  2.17e-12   -1.8e-15   3.25e-17  -6.81e-18   2.51e-17      0.278  -5.49e-12   2.74e-14  -2.65e-15   5.63e-16 
 -3.66e-13   6.02e-17  -2.65e-17   7.73e-18   4.55e-10  -5.49e-12       0.42  -1.68e-15   2.17e-15   1.18e-15 
  6.05e-14  -2.93e-09   2.97e-10   3.12e-11   4.02e-13   2.75e-14  -1.62e-15      0.767   5.19e-17   4.02e-09 
 -4.18e-09  -1.25e-09   1.27e-10   1.37e-11  -9.28e-13  -2.66e-15   2.17e-15   6.75e-17      0.823   1.55e-09 
 -2.94e-09  -2.69e-10    4.8e-11    3.7e-12   1.51e-13   5.95e-16   1.22e-15   4.02e-09   1.55e-09          3 
