1 114.812447098294 118.991774997856 123.323236068808
1.1 112.808298417222 116.961789198919 121.2682074329
1.2 110.839133851875 114.966434720876 119.247423298102
1.3 108.904342724828 113.005120757436 117.260313022314
1.4 107.00332501855 111.077266581389 115.306315472477
1.5 105.135491189326 109.182301372667 113.384878866121
1.6 103.300261984425 107.319664049324 111.495460615542
1.7 101.497068262466 105.488803101407 109.63752717459
1.8 99.7253508169113 103.689176427658 107.810553887997
1.9 97.9845602026497 101.920251175006 106.014024843225
2 96.2741565655999 100.181503580786 104.247432724777
2.1 94.5936094752915 98.4724188176678 102.51027867094
2.2 92.9423977603683 96.792490841213 100.802072132911
2.3 91.3200093469622 95.1412222400428 99.1223307362739
2.4 89.7259410998891 93.5181240885584 97.4705801447851
2.5 88.1596986666161 91.9227158021748 95.8463539264241
2.6 86.6207963239537 90.3545249950239 94.2491934216816
2.7 85.1087568274225 88.8130873400854 92.6786476140391
2.8 83.6231112632504 87.2979464317038 91.1342730026091
2.9 82.1633989029533 85.8086536504508 89.6156334768956
3 80.7291670604534 84.3447680302933 88.1223001936424
3.1 79.3199709516927 82.9058561280271 86.6538514557343
3.2 77.9353735566961 81.4914918949387 85.2098725931145
3.3 76.5749454840435 80.1012565506558 83.7899558456882
3.4 75.2382648377056 78.7347384591505 82.3937002481765
3.5 73.924917086207 77.3915330068574 81.0207115168889
3.6 72.6344949340704 76.0712424828715 79.6706019383831
3.7 71.3665981955069 74.773475961189 78.3429902599802
3.8 70.1208336703102 73.4978491849588 77.0375015821038
3.9 68.8968150219168 72.2439844527064 75.7537672524137
4 67.6941626575961 71.0115105065003 74.491424761703
4.1 66.5125036107306 69.8000624220263 73.250117641531
4.2 65.3514714251515 68.6092815005363 72.0294953635609
4.3 64.2107060414935 67.4388151626409 70.8292132405754
4.4 63.0898536855328 66.2883168439142 69.6489323291422
4.5 61.9885667584751 65.1574458922786 68.4883193338999
4.6 60.9065037291578 64.0458674671415 67.347046513441
4.7 59.8433290281345 62.9532524402517 66.2247915877617
4.8 58.7987129436086 61.8792772982475 65.1212376472542
4.9 57.772331519182 60.8236240468675 64.036073063216
5 56.7638664533911 59.7859801167951 62.9689913998499
5.1 55.773005000994 58.7660382711099 61.9196913277312
5.2 54.7994398759824 57.7634965143176 60.8878765387156
5.3 53.842869156286 56.7780580029317 59.8732556622664
5.4 52.9029961901407 55.809430957581 58.8755421831754
5.5 51.9795295040902 54.8573285766162 57.8944543606541
5.6 51.0721827125951 53.9214689511908 56.9297151487751
5.7 50.1806744292183 53.0015749817904 55.981052118237
5.8 49.3047281793618 52.0973742961858 55.0481973794347
5.9 48.4440723145263 51.2085991687864 54.1308875068108
6 47.5984399280676 50.3349864413689 53.2288634644679
6.1 46.7675687724234 49.4762774451585 52.3418705330201
6.19999999999999 45.951201177785 48.6322179242396 51.4696582376639
6.29999999999999 45.1490839721891 47.8025579602729 50.6119802774474
6.39999999999999 44.3609684030036 46.9870518984968 49.7685944557186
6.49999999999999 43.5866100597848 46.1854582749912 48.9392626117317
6.59999999999999 42.8257687984805 45.3975397451823 48.1237505533941
6.69999999999999 42.0782086669568 44.6230630135671 47.321827991134
6.79999999999999 41.3436978318247 43.8617987646366 46.5332684728692
6.89999999999999 40.6220085065433 43.1135215949778 45.7578493200603
6.99999999999999 39.9129168807793 42.3780099465334 44.9953515648294
7.09999999999999 39.2162030509988 41.6550460410008 44.2455598881265
7.19999999999999 38.5316509522702 40.9444158153499 43.5082625589262
7.29999999999999 37.8590482912592 40.2459088584408 42.7832513744378
7.39999999999999 37.1981864803913 39.5593183487232 42.0703216013117
7.49999999999999 36.5488605731654 38.8844409929983 41.3692719178254
7.59999999999999 35.9108692005952 38.2210769662255 40.679904357033
7.69999999999999 35.2840145087613 37.5690298523562 40.0020242508619
7.79999999999999 34.6681020974518 36.9281065861764 39.3354401751413
7.89999999999999 34.0629409598761 36.2981173961425 38.6799638955467
7.99999999999999 33.4683434234286 35.678875748191 38.0354103144448
8.09999999999999 32.8841250914886 35.070198290508 37.4015974186246
8.19999999999999 32.3101047862348 34.4719047992398 36.7783462278994
8.29999999999999 31.7461044924584 33.883818125131 36.1654807445651
8.39999999999999 31.1919493023574 33.3057641410717 35.5628279037008
8.49999999999999 30.6474673612936 32.73757169054 34.9702175242976
8.59999999999999 30.1124898144973 32.1790725369246 34.387482261202
8.69999999999999 29.5868507547023 31.6301013137108 33.8144575578597
8.79999999999999 29.0703871706945 31.0904954755178 33.2509815998471
8.89999999999999 28.5629388967586 30.5600952499696 32.696895269177
8.99999999999999 28.0643485630079 30.0387435903886 32.1520420993661
9.09999999999999 27.5744615465808 29.526286129295 31.6162682312505
9.19999999999999 27.0931259236885 29.0225711327004 31.0894223695387
9.29999999999998 26.6201924225013 28.5274494551802 30.5713557400871
9.39999999999998 26.1555143768557 28.0407744957137 30.0619220478886
9.49999999999998 25.6989476807705 27.5624021542763 29.5609774357608
9.59999999999998 25.2503507437568 27.0921907891731 29.0683804437226
9.69999999999998 24.8095844469077 26.6300011751 28.583991969048
9.79999999999998 24.376512099755 26.1756964619203 28.107675226985
9.89999999999998 23.9509993978785 25.7291421341446 27.6392957121301
9.99999999999998 23.5329143812556 25.2902059711022 27.178721160445
10.1 23.122127393338 24.8587580077915 26.7258215119075
10.2 22.7185110408422 24.4346704963988 26.2804688737844
10.3 22.3219401542428 24.017817868473 25.8425374845158
10.4 21.9322917489547 23.6080766977462 25.4119036782024
10.5 21.5494449871927 23.2053256635884 24.9884458496834
10.6 21.1732811404982 22.8094455150853 24.5720444201971
10.7 20.8036835529182 22.420319035729 24.1625818036134
10.8 20.4405376048285 22.037831008712 23.7599423732291
10.9 20.0837306773876 21.6618681828118 23.3640124291166
11 19.7331521176116 21.2923192388586 22.9746801660161
11.1 19.3886932040581 20.9290747567748 22.5918356417641
11.2 19.0502471131099 20.5720271831763 22.2153707462464
11.3 18.7177088858466 20.2210707995274 21.8451791708699
11.4 18.3909753954948 19.8761016908383 21.481156378542
11.5 18.0699453154466 19.5370177148965 21.1231995741513
11.6 17.7545190878357 19.203718472024 20.771207675539
11.7 17.4445988926631 18.8761052753496 20.4250812849551
11.8 17.1400886174608 18.5540811215885 20.0847226609898
11.9 16.8408938274854 18.2375506623207 19.7500356909725
12 16.5469217364322 17.9264201757591 19.4209258638309
12.1 16.2580811776601 17.6205975389992 19.0973002434024
12.2 15.9742825759191 17.3199922007428 18.7790674421903
12.3 15.6954379195711 17.024515154486 18.4661375955569
12.4 15.421460733296 16.7340789121656 18.1584223363473
12.5 15.1522660512737 16.4485974782546 17.8558347699354
12.6 14.8877703908345 16.1679863242997 17.5582894496863
12.7 14.6278917265696 15.8921623638928 17.265702352827
12.8 14.3725494648933 15.6210439280707 16.97799085672
12.9 14.1216644190495 15.3545507411329 16.6950737155312
13 13.8751587845537 15.092603896873 16.4168710372876
13.1 13.6329561150652 14.8351258352154 16.1433042613168
13.2 13.3949812986785 14.5820403192503 15.8742961360624
13.3 13.1611605346307 14.3332724126605 15.6097706972693
13.4 12.9314213104134 14.088748457534 15.3496532465324
13.5 12.7056923792858 13.8483960525537 15.0938703302028
13.6 12.4839037381793 13.6121440315611 14.8423497186456
13.7 12.2659866059882 13.3799224424835 14.5950203858428
13.8 12.0518734022396 13.1516625266227 14.3518124893372
13.9 11.8414977261349 12.927296698296 14.1126573505091
14 11.6347943359578 12.7067585248242 13.8774874351829
14.1 11.4316991288416 12.4899827068621 13.6462363345563
14.2 11.2321491208894 12.2769050590636 13.418838746447
14.3 11.0360824276418 12.0674624910772 13.1952304568527
14.4 10.843438244885 11.8615929888655 12.9753483218177
14.5 10.6541568297945 11.6592355963431 12.7591302496019
14.6 10.4681794824074 11.4603303973285 12.546515183147
14.7 10.2854485274185 11.2648184978033 12.3374430828347
14.8 10.1059072962939 11.072642008474 12.1318549095324
14.9 9.92950010969713 10.8837440276318 11.9296926079216
15 9.75617226022178 10.6980686243044 11.7308990901033
15.1 9.58586999542561 10.5155608216955 11.5354182194776
15.2 9.41854050116086 10.3361665809062 11.3431947948914
15.3 9.25413188519555 10.1598327849352 11.1541745350502
15.4 9.09259316112064 9.98650722295103 10.96830406319
15.5 8.9338742325381 9.81613857483274 10.7855308920041
15.6 8.77792587752506 9.6486763959748 10.6058034088219
15.7 8.62469973336907 9.4840711023507 10.4290708610336
15.8 8.47414828156984 9.32227395583167 10.2552833417588
15.9 8.32622483310286 9.16323704975571 10.0843917757534
16 8.18088351394012 9.0069132947429 9.91634790555096
