0 0.000999 0
0.5 0.303194281870382 0.303265329856317
1 0.367804521101933 0.367879441171442
1.5 0.334622643466542 0.334695240222645
2 0.270594556956956 0.270670566473225
2.5 0.205128956739598 0.205212496559747
3 0.149270094953774 0.149361205103592
3.5 0.105589850291468 0.105690841978115
4 0.0731391600993282 0.0732625555549367
4.5 0.0498248462613938 0.0499904844220904
5 0.033455874613735 0.0336897349954273
5.5 0.0221355988111361 0.0224772429115524
6 0.0143652829685125 0.0148725130599982
6.5 0.00900970452854105 0.00977235475435422
7 0.00522913865062869 0.00638317375888161
7.5 0.00239279636861844 0.00414813277610875
