0.5 14.7456396142545 -0.5
1 2.37346901075115 -0.5
1.5 0.436876529908775 -0.5
2 -0.125056235178114 -0.5
2.5 -0.334939428705205 -0.5
3 -0.423966958451431 -0.5
3.5 -0.46434784395419 -0.5
4 -0.483257938816639 -0.5
4.5 -0.492200233190422 -0.5
5 -0.496413449951113 -0.5
5.5 -0.498375761174108 -0.5
6 -0.499275785250007 -0.5
6.5 -0.499681800898576 -0.5
7 -0.499862059508283 -0.5
7.5 -0.499940939988722 -0.5
8 -0.499975034674087 -0.5
8.5 -0.499989604254912 -0.5
9 -0.499995776159234 -0.5
9.5 -0.499998357328741 -0.5
10 -0.499999442962745 -0.5
10.5 -0.499999892550265 -0.5
11 -0.500000074490464 -0.5
11.5 -0.500000145803054 -0.5
12 -0.500000170265222 -0.5
12.5 -0.500000178447674 -0.5
13 -0.500000177574381 -0.5
13.5 -0.500000173899988 -0.5
14 -0.500000169209838 -0.5
14.5 -0.500000164011681 -0.5
15 -0.500000159133437 -0.5


0.5 -0.859819165663176 -0.5
0.49 -0.82834475713545 -0.5
0.48 -0.799608794279461 -0.5
0.47 -0.773357452479376 -0.5
0.46 -0.749362141422614 -0.5
0.45 -0.727417027912732 -0.5
0.44 -0.707336403181105 -0.5
0.43 -0.688952835986264 -0.5
0.42 -0.672115154602336 -0.5
0.41 -0.656686818554406 -0.5
0.4 -0.642544556691893 -0.5
0.39 -0.629576795658259 -0.5
0.38 -0.61768280811852 -0.5
0.37 -0.606771300965417 -0.5
0.36 -0.596759772409691 -0.5
0.35 -0.587573393199205 -0.5
0.34 -0.579144437265671 -0.5
0.33 -0.571411404091461 -0.5
0.32 -0.564318571418021 -0.5
0.31 -0.557815206890826 -0.5
0.3 -0.551855350649264 -0.5
0.29 -0.546396993599278 -0.5
0.28 -0.541402003493332 -0.5
0.27 -0.536835545531737 -0.5
0.26 -0.532665753606373 -0.5
0.25 -0.528863553453122 -0.5
0.24 -0.525402282697312 -0.5
0.23 -0.522257409156767 -0.5
0.22 -0.519406398660643 -0.5
0.21 -0.516828475015519 -0.5
0.2 -0.514504467131267 -0.5
0.19 -0.512416539540232 -0.5
0.18 -0.510548126142527 -0.5
0.17 -0.50888377260696 -0.5
0.16 -0.507409001370628 -0.5
0.15 -0.506110191596861 -0.5
0.14 -0.504974468532745 -0.5
0.13 -0.503989600365131 -0.5
0.12 -0.503143901790251 -0.5
0.11 -0.502426143307687 -0.5
0.0999999999999997 -0.501825496157884 -0.5
0.0899999999999997 -0.501331354638569 -0.5
0.0799999999999997 -0.500933342629772 -0.5
0.0699999999999997 -0.500621221329969 -0.5
0.0599999999999997 -0.500384837496211 -0.5
0.0499999999999997 -0.500213984698099 -0.5
0.0399999999999997 -0.500098324285552 -0.5
0.0299999999999997 -0.500027455829317 -0.5
0.0199999999999997 -0.49999065623529 -0.5
0.00999999999999969 -0.49997695566166 -0.5
