0.01 -0.499987238131213 -0.5
0.00995 -0.499987587101044 -0.5
0.0099 -0.499987738504142 -0.5
0.00985 -0.49998743473262 -0.5
0.0098 -0.499986892505181 -0.5
0.00975 -0.499987281459435 -0.5
0.0097 -0.499987299126814 -0.5
0.00965 -0.499986794492311 -0.5
0.0096 -0.499986712436195 -0.5
0.00955 -0.49998696629903 -0.5
0.0095 -0.499986764167132 -0.5
0.00945 -0.499986116687672 -0.5
0.0094 -0.49998653357091 -0.5
0.00935 -0.499986558744737 -0.5
0.0093 -0.499986017628011 -0.5
0.00925 -0.499986069195397 -0.5
0.00920000000000001 -0.499986259044331 -0.5
0.00915000000000001 -0.499985922292594 -0.5
0.00910000000000001 -0.499985618400798 -0.5
0.00905000000000001 -0.499985921066969 -0.5
0.00900000000000001 -0.499985726774538 -0.5
0.00895000000000001 -0.499985208395287 -0.5
0.00890000000000001 -0.499985581487879 -0.5
0.00885000000000001 -0.49998547476802 -0.5
0.00880000000000001 -0.499984853179689 -0.5
0.00875000000000001 -0.499985261759593 -0.5
0.00870000000000001 -0.499985191480734 -0.5
0.00865000000000001 -0.499984558005318 -0.5
0.00860000000000001 -0.499984970950953 -0.5
0.00855000000000001 -0.499984885825529 -0.5
0.00850000000000001 -0.499984322457371 -0.5
0.00845000000000001 -0.499984707007215 -0.5
0.00840000000000001 -0.499984550767983 -0.5
0.00835000000000001 -0.499984140924967 -0.5
0.00830000000000001 -0.499984455958599 -0.5
0.00825000000000001 -0.499984161568851 -0.5
0.00820000000000001 -0.499983999764284 -0.5
0.00815000000000001 -0.499984188696228 -0.5
0.00810000000000001 -0.499983671506247 -0.5
0.00805000000000001 -0.499983871331469 -0.5
0.00800000000000001 -0.499983855066213 -0.5
0.00795000000000001 -0.499983363661032 -0.5
0.00790000000000001 -0.499983705565885 -0.5
0.00785000000000001 -0.499983374842327 -0.5
0.00780000000000001 -0.499983353425953 -0.5
0.00775000000000001 -0.499983419278667 -0.5
0.00770000000000001 -0.499982900953244 -0.5
0.00765000000000001 -0.499983252777428 -0.5
0.00760000000000001 -0.499982881735126 -0.5
0.00755000000000002 -0.499982962525689 -0.5
0.00750000000000002 -0.499982919841221 -0.5
0.00745000000000002 -0.499982613803887 -0.5
0.00740000000000002 -0.499982817604612 -0.5
0.00735000000000002 -0.499982253677955 -0.5
0.00730000000000002 -0.499982633662804 -0.5
0.00725000000000002 -0.499982221182869 -0.5
0.00720000000000002 -0.49998241062012 -0.5
0.00715000000000002 -0.499982199972346 -0.5
0.00710000000000002 -0.49998217824962 -0.5
0.00705000000000002 -0.499982112269907 -0.5
0.00700000000000002 -0.499981956141298 -0.5
0.00695000000000002 -0.499981984901977 -0.5
0.00690000000000002 -0.499981756013791 -0.5
0.00685000000000002 -0.499981834544633 -0.5
0.00680000000000002 -0.499981583646709 -0.5
0.00675000000000002 -0.499981668993137 -0.5
0.00670000000000002 -0.499981440176661 -0.5
0.00665000000000002 -0.499981487637485 -0.5
0.00660000000000002 -0.49998132241862 -0.5
0.00655000000000002 -0.499981281042206 -0.5
0.00650000000000002 -0.499981221965696 -0.5
0.00645000000000002 -0.499981029495949 -0.5
0.00640000000000002 -0.499981123006264 -0.5
0.00635000000000002 -0.499980700367589 -0.5
0.00630000000000002 -0.499980998939767 -0.5
0.00625000000000002 -0.499980634478862 -0.5
0.00620000000000002 -0.499980807827578 -0.5
0.00615000000000002 -0.499980652874811 -0.5
0.00610000000000002 -0.499980486450146 -0.5
0.00605000000000002 -0.499980609039013 -0.5
0.00600000000000002 -0.49998025095144 -0.5
0.00595000000000002 -0.499980419686016 -0.5
0.00590000000000003 -0.499980329135728 -0.5
0.00585000000000003 -0.499979962419794 -0.5
0.00580000000000003 -0.499980236489016 -0.5
0.00575000000000003 -0.499980076891194 -0.5
0.00570000000000003 -0.499979801596521 -0.5
0.00565000000000003 -0.499980020792604 -0.5
0.00560000000000003 -0.499979886515905 -0.5
0.00555000000000003 -0.499979549965077 -0.5
0.00550000000000003 -0.499979771331328 -0.5
0.00545000000000003 -0.49997973566083 -0.5
0.00540000000000003 -0.49997950436321 -0.5
0.00535000000000003 -0.499979394426509 -0.5
0.00530000000000003 -0.499979526498218 -0.5
0.00525000000000003 -0.499979460812873 -0.5
0.00520000000000003 -0.499979270733307 -0.5
0.00515000000000003 -0.499979023594359 -0.5
0.00510000000000003 -0.49997918863232 -0.5
0.00505000000000003 -0.499979210997555 -0.5
0.00500000000000003 -0.499979137514994 -0.5
0.00495000000000003 -0.49997900546888 -0.5
0.00490000000000003 -0.499978843999322 -0.5
0.00485000000000003 -0.499978675014058 -0.5
0.00480000000000003 -0.49997872428759 -0.5
0.00475000000000003 -0.49997875118003 -0.5
0.00470000000000003 -0.499978739086969 -0.5
0.00465000000000003 -0.49997870271871 -0.5
0.00460000000000003 -0.499978652739108 -0.5
0.00455000000000003 -0.499978596419596 -0.5
0.00450000000000003 -0.499978416271079 -0.5
0.00445000000000003 -0.499978351922713 -0.5
0.00440000000000003 -0.499978278228936 -0.5
0.00435000000000003 -0.499978190507947 -0.5
0.00430000000000003 -0.499978080493886 -0.5
0.00425000000000003 -0.499977935567604 -0.5
0.00420000000000004 -0.499977919030027 -0.5
0.00415000000000004 -0.499977948732394 -0.5
0.00410000000000004 -0.49997796291375 -0.5
0.00405000000000004 -0.499977936220864 -0.5
0.00400000000000004 -0.499977832506256 -0.5
0.00395000000000004 -0.499977602239457 -0.5
0.00390000000000004 -0.499977701234239 -0.5
0.00385000000000004 -0.49997772325202 -0.5
0.00380000000000004 -0.499977409475813 -0.5
0.00375000000000004 -0.499977533947064 -0.5
0.00370000000000004 -0.499977483523329 -0.5
0.00365000000000004 -0.499977343149463 -0.5
0.00360000000000004 -0.499977415842325 -0.5
0.00355000000000004 -0.499977203974811 -0.5
0.00350000000000004 -0.499977320782009 -0.5
0.00345000000000004 -0.499977143740043 -0.5
0.00340000000000004 -0.49997721245915 -0.5
0.00335000000000004 -0.499977141632941 -0.5
0.00330000000000004 -0.499976982229989 -0.5
0.00325000000000003 -0.499977082497364 -0.5
0.00320000000000003 -0.499977040159815 -0.5
0.00315000000000003 -0.499976835940322 -0.5
0.00310000000000003 -0.499976735242855 -0.5
0.00305000000000003 -0.499976645657744 -0.5
0.00300000000000003 -0.499976578462346 -0.5
0.00295000000000003 -0.49997653649568 -0.5
0.00290000000000003 -0.499976518454149 -0.5
0.00285000000000003 -0.499976517697942 -0.5
0.00280000000000003 -0.49997651506919 -0.5
0.00275000000000003 -0.499976327511328 -0.5
0.00270000000000003 -0.499976231664958 -0.5
0.00265000000000003 -0.499976267767089 -0.5
0.00260000000000003 -0.499976099669298 -0.5
0.00255000000000003 -0.499976173072329 -0.5
0.00250000000000003 -0.49997607880586 -0.5
0.00245000000000003 -0.499975985563927 -0.5
0.00240000000000003 -0.499976007746943 -0.5
0.00235000000000003 -0.499975980226847 -0.5
0.00230000000000003 -0.499975931221234 -0.5
0.00225000000000003 -0.499975739524225 -0.5
0.00220000000000003 -0.499975768265776 -0.5
0.00215000000000003 -0.499975747090133 -0.5
0.00210000000000003 -0.499975676539508 -0.5
0.00205000000000003 -0.499975625903276 -0.5
0.00200000000000003 -0.499975628634637 -0.5
0.00195000000000003 -0.499975594097 -0.5
0.00190000000000003 -0.499975528024517 -0.5
0.00185000000000003 -0.499975502131105 -0.5
0.00180000000000003 -0.499975484131841 -0.5
0.00175000000000003 -0.499975468588514 -0.5
0.00170000000000003 -0.499975437579119 -0.5
0.00165000000000003 -0.499975332751659 -0.5
0.00160000000000003 -0.49997533571038 -0.5
0.00155000000000003 -0.499975290538491 -0.5
0.00150000000000003 -0.499975280119242 -0.5
0.00145000000000003 -0.499975238512448 -0.5
0.00140000000000003 -0.499975232136331 -0.5
0.00135000000000003 -0.499975173315564 -0.5
0.00130000000000003 -0.499975184791461 -0.5
0.00125000000000003 -0.499975140724201 -0.5
0.00120000000000003 -0.499975134278058 -0.5
0.00115000000000003 -0.499975135330813 -0.5
0.00110000000000003 -0.499975124395513 -0.5
0.00105000000000003 -0.49997510957062 -0.5
0.00100000000000003 -0.49997508197852 -0.5
0.000950000000000033 -0.499975070792799 -0.5
0.000900000000000033 -0.499975067560874 -0.5
0.000850000000000033 -0.499975076733298 -0.5
0.000800000000000033 -0.499975069974612 -0.5
0.000750000000000033 -0.499975086628653 -0.5
0.000700000000000033 -0.499975085092768 -0.5
0.000650000000000033 -0.499975099406376 -0.5
0.000600000000000033 -0.499975104579883 -0.5
0.000550000000000033 -0.499975109526332 -0.5
0.000500000000000033 -0.499975124855339 -0.5
0.000450000000000033 -0.49997513114468 -0.5
0.000400000000000033 -0.499975141288378 -0.5
0.000350000000000033 -0.499975156611398 -0.5
0.000300000000000033 -0.499975170676469 -0.5
0.000250000000000033 -0.499975185431401 -0.5
0.000200000000000033 -0.499975201840121 -0.5
0.000150000000000033 -0.499975217209996 -0.5
0.000100000000000033 -0.499975233047759 -0.5
5.00000000000331E-05 -0.499975246768518 -0.5


0.01 -0.499980372871321 -0.5
0.00995 -0.499980363892347 -0.5
0.0099 -0.499980310941561 -0.5
0.00985 -0.499980286538413 -0.5
0.0098 -0.499980246164894 -0.5
0.00975 -0.499980208430995 -0.5
0.0097 -0.499980178081209 -0.5
0.00965 -0.499980130869749 -0.5
0.0096 -0.499980108209979 -0.5
0.00955 -0.499980054368877 -0.5
0.0095 -0.499980037214051 -0.5
0.00945 -0.499979978931337 -0.5
0.0094 -0.499979965932449 -0.5
0.00935 -0.499979905292754 -0.5
0.0093 -0.4999798948439 -0.5
0.00925 -0.499979833553431 -0.5
0.00920000000000001 -0.499979824188371 -0.5
0.00915000000000001 -0.499979763171223 -0.5
0.00910000000000001 -0.499979754041553 -0.5
0.00905000000000001 -0.499979694788217 -0.5
0.00900000000000001 -0.49997968425776 -0.5
0.00895000000000001 -0.499979628355282 -0.5
0.00890000000000001 -0.499979614468687 -0.5
0.00885000000000001 -0.499979563548018 -0.5
0.00880000000000001 -0.499979543925892 -0.5
0.00875000000000001 -0.499979499961624 -0.5
0.00870000000000001 -0.4999794714265 -0.5
0.00865000000000001 -0.499979437309565 -0.5
0.00860000000000001 -0.499979395593774 -0.5
0.00855000000000001 -0.49997937448639 -0.5
0.00850000000000001 -0.499979313990931 -0.5
0.00845000000000001 -0.499979309686751 -0.5
0.00840000000000001 -0.499979256357918 -0.5
0.00835000000000001 -0.499979240316027 -0.5
0.00830000000000001 -0.499979201066791 -0.5
0.00825000000000001 -0.4999791627132 -0.5
0.00820000000000001 -0.499979143013327 -0.5
0.00815000000000001 -0.499979086017305 -0.5
0.00810000000000001 -0.499979077605129 -0.5
0.00805000000000001 -0.49997903654422 -0.5
0.00800000000000001 -0.499978998552873 -0.5
0.00795000000000001 -0.499978981502509 -0.5
0.00790000000000001 -0.499978929815452 -0.5
0.00785000000000001 -0.499978912501178 -0.5
0.00780000000000001 -0.499978882553799 -0.5
0.00775000000000001 -0.499978827105504 -0.5
0.00770000000000001 -0.499978820844863 -0.5
0.00765000000000001 -0.499978785536206 -0.5
0.00760000000000001 -0.499978729642546 -0.5
0.00755000000000002 -0.499978727339357 -0.5
0.00750000000000002 -0.499978692014298 -0.5
0.00745000000000002 -0.499978638620129 -0.5
0.00740000000000002 -0.499978633069882 -0.5
0.00735000000000002 -0.499978602481148 -0.5
0.00730000000000002 -0.4999785533693 -0.5
0.00725000000000002 -0.49997853487286 -0.5
0.00720000000000002 -0.499978514165543 -0.5
0.00715000000000002 -0.49997847348482 -0.5
0.00710000000000002 -0.499978425683862 -0.5
0.00705000000000002 -0.499978420406219 -0.5
0.00700000000000002 -0.499978393437009 -0.5
0.00695000000000002 -0.499978352236503 -0.5
0.00690000000000002 -0.499978306758565 -0.5
0.00685000000000002 -0.499978300543231 -0.5
0.00680000000000002 -0.499978276823568 -0.5
0.00675000000000002 -0.499978241057891 -0.5
0.00670000000000002 -0.49997819848657 -0.5
0.00665000000000002 -0.499978169778892 -0.5
0.00660000000000002 -0.499978156907337 -0.5
0.00655000000000002 -0.499978132941627 -0.5
0.00650000000000002 -0.499978101031037 -0.5
0.00645000000000002 -0.499978064307434 -0.5
0.00640000000000002 -0.499978024998963 -0.5
0.00635000000000002 -0.499977996709565 -0.5
0.00630000000000002 -0.499977982522555 -0.5
0.00625000000000002 -0.499977962010679 -0.5
0.00620000000000002 -0.499977937036407 -0.5
0.00615000000000002 -0.499977909221713 -0.5
0.00610000000000002 -0.499977879642158 -0.5
0.00605000000000002 -0.49997784935222 -0.5
0.00600000000000002 -0.499977818703662 -0.5
0.00595000000000002 -0.499977788484276 -0.5
0.00590000000000003 -0.499977759085328 -0.5
0.00585000000000003 -0.499977730385737 -0.5
0.00580000000000003 -0.499977702732773 -0.5
0.00575000000000003 -0.499977676322437 -0.5
0.00570000000000003 -0.499977651100228 -0.5
0.00565000000000003 -0.49997762677595 -0.5
0.00560000000000003 -0.499977603616439 -0.5
0.00555000000000003 -0.499977581423911 -0.5
0.00550000000000003 -0.499977559826006 -0.5
0.00545000000000003 -0.499977538096847 -0.5
0.00540000000000003 -0.499977515633651 -0.5
0.00535000000000003 -0.499977491127929 -0.5
0.00530000000000003 -0.499977462704012 -0.5
0.00525000000000003 -0.499977427774053 -0.5
0.00520000000000003 -0.499977388457009 -0.5
0.00515000000000003 -0.499977377708071 -0.5
0.00510000000000003 -0.499977364525407 -0.5
0.00505000000000003 -0.499977344398382 -0.5
0.00500000000000003 -0.499977311171445 -0.5
0.00495000000000003 -0.499977271265598 -0.5
0.00490000000000003 -0.499977266290944 -0.5
0.00485000000000003 -0.499977249653489 -0.5
0.00480000000000003 -0.499977208744798 -0.5
0.00475000000000003 -0.499977113312766 -0.5
0.00470000000000003 -0.499977088454918 -0.5
0.00465000000000003 -0.499977046359824 -0.5
0.00460000000000003 -0.499977043572863 -0.5
0.00455000000000003 -0.499977002146182 -0.5
0.00450000000000003 -0.499976990828976 -0.5
0.00445000000000003 -0.499976964827402 -0.5
0.00440000000000003 -0.499976941135934 -0.5
0.00435000000000003 -0.499976919233915 -0.5
0.00430000000000003 -0.49997689787148 -0.5
0.00425000000000003 -0.499976865598511 -0.5
0.00420000000000004 -0.499976858751147 -0.5
0.00415000000000004 -0.499976814984103 -0.5
0.00410000000000004 -0.499976811601299 -0.5
0.00405000000000004 -0.499976791564602 -0.5
0.00400000000000004 -0.4999767076637 -0.5
0.00395000000000004 -0.499976666812043 -0.5
0.00390000000000004 -0.499976667806308 -0.5
0.00385000000000004 -0.49997665440279 -0.5
0.00380000000000004 -0.499976631802362 -0.5
0.00375000000000004 -0.499976605862005 -0.5
0.00370000000000004 -0.499976580121009 -0.5
0.00365000000000004 -0.499976556465695 -0.5
0.00360000000000004 -0.499976535759225 -0.5
0.00355000000000004 -0.49997651828717 -0.5
0.00350000000000004 -0.499976503909958 -0.5
0.00345000000000004 -0.499976491843132 -0.5
0.00340000000000004 -0.499976480034122 -0.5
0.00335000000000004 -0.49997646417995 -0.5
0.00330000000000004 -0.499976436561091 -0.5
0.00325000000000003 -0.499976407044674 -0.5
0.00320000000000003 -0.499976270189997 -0.5
0.00315000000000003 -0.499976231883035 -0.5
0.00310000000000003 -0.499976207248013 -0.5
0.00305000000000003 -0.499976191076678 -0.5
0.00300000000000003 -0.499976149595394 -0.5
0.00295000000000003 -0.499976141186978 -0.5
0.00290000000000003 -0.499976102994727 -0.5
0.00285000000000003 -0.499976087541845 -0.5
0.00280000000000003 -0.49997595573485 -0.5
0.00275000000000003 -0.499975902884559 -0.5
0.00270000000000003 -0.499975889441639 -0.5
0.00265000000000003 -0.499975850331916 -0.5
0.00260000000000003 -0.499975849642145 -0.5
0.00255000000000003 -0.499975812673236 -0.5
0.00250000000000003 -0.499975789279331 -0.5
0.00245000000000003 -0.499975768840728 -0.5
0.00240000000000003 -0.499975731344732 -0.5
0.00235000000000003 -0.499975721059943 -0.5
0.00230000000000003 -0.499975598490358 -0.5
0.00225000000000003 -0.499975601785403 -0.5
0.00220000000000003 -0.499975548208502 -0.5
0.00215000000000003 -0.499975552821218 -0.5
0.00210000000000003 -0.499975503262289 -0.5
0.00205000000000003 -0.499975504491016 -0.5
0.00200000000000003 -0.499975465615341 -0.5
0.00195000000000003 -0.499975455817192 -0.5
0.00190000000000003 -0.499975430099287 -0.5
0.00185000000000003 -0.49997540537346 -0.5
0.00180000000000003 -0.499975394216826 -0.5
0.00175000000000003 -0.499975351119268 -0.5
0.00170000000000003 -0.499975353414885 -0.5
0.00165000000000003 -0.499975271291267 -0.5
0.00160000000000003 -0.49997527047456 -0.5
0.00155000000000003 -0.49997525772241 -0.5
0.00150000000000003 -0.499975217354308 -0.5
0.00145000000000003 -0.499975208983626 -0.5
0.00140000000000003 -0.499975203291286 -0.5
0.00135000000000003 -0.499975189650284 -0.5
0.00130000000000003 -0.499975173004645 -0.5
0.00125000000000003 -0.499975157874689 -0.5
0.00120000000000003 -0.49997514332362 -0.5
0.00115000000000003 -0.499975119640951 -0.5
0.00110000000000003 -0.499975101894777 -0.5
0.00105000000000003 -0.499975095398184 -0.5
0.00100000000000003 -0.49997508197852 -0.5
0.000950000000000033 -0.49997508197852 -0.5
0.000900000000000033 -0.499975081978522 -0.5
0.000850000000000033 -0.499975081978521 -0.5
0.000800000000000033 -0.49997508197852 -0.5
0.000750000000000033 -0.499975081978521 -0.5
0.000700000000000033 -0.499975081978523 -0.5
0.000650000000000033 -0.499975081978523 -0.5
0.000600000000000033 -0.499975081978523 -0.5
0.000550000000000033 -0.499975081978523 -0.5
0.000500000000000033 -0.499975081978523 -0.5
0.000450000000000033 -0.499975081978524 -0.5
0.000400000000000033 -0.499975081978523 -0.5
0.000350000000000033 -0.499975081978524 -0.5
0.000300000000000033 -0.499975081978524 -0.5
0.000250000000000033 -0.499975081978524 -0.5
0.000200000000000033 -0.499975081978524 -0.5
0.000150000000000033 -0.499975081978524 -0.5
0.000100000000000033 -0.499975081978524 -0.5
5.00000000000331E-05 -0.499975081978524 -0.5
