-3.141592653589793
-3.1353031788078316
-3.12901370402587
-3.1227242292439086
-3.116434754461947
-3.1101452796799856
-3.103855804898024
-3.097566330116062
-3.0912768553341006
-3.084987380552139
-3.0786979057701775
-3.072408430988216
-3.0661189562062545
-3.059829481424293
-3.0535400066423315
-3.04725053186037
-3.0409610570784085
-3.034671582296447
-3.0283821075144854
-3.022092632732524
-3.015803157950562
-3.0095136831686005
-3.003224208386639
-2.9969347336046774
-2.990645258822716
-2.9843557840407544
-2.978066309258793
-2.9717768344768314
-2.96548735969487
-2.9591978849129084
-2.952908410130947
-2.9466189353489853
-2.940329460567024
-2.934039985785062
-2.9277505110031004
-2.921461036221139
-2.9151715614391773
-2.908882086657216
-2.9025926118752543
-2.896303137093293
-2.8900136623113313
-2.8837241875293698
-2.8774347127474083
-2.8711452379654467
-2.864855763183485
-2.8585662884015237
-2.8522768136195618
-2.8459873388376002
-2.8396978640556387
-2.833408389273677
-2.8271189144917157
-2.820829439709754
-2.8145399649277927
-2.808250490145831
-2.8019610153638697
-2.795671540581908
-2.7893820657999466
-2.7830925910179847
-2.7768031162360236
-2.7705136414540616
-2.7642241666721
-2.7579346918901386
-2.751645217108177
-2.7453557423262156
-2.739066267544254
-2.7327767927622926
-2.726487317980331
-2.7201978431983695
-2.713908368416408
-2.7076188936344465
-2.7013294188524846
-2.6950399440705235
-2.6887504692885615
-2.6824609945066
-2.6761715197246385
-2.669882044942677
-2.6635925701607155
-2.657303095378754
-2.6510136205967925
-2.644724145814831
-2.6384346710328694
-2.632145196250908
-2.6258557214689464
-2.6195662466869845
-2.6132767719050234
-2.6069872971230614
-2.6006978223411
-2.5944083475591384
-2.588118872777177
-2.5818293979952154
-2.575539923213254
-2.5692504484312924
-2.562960973649331
-2.5566714988673693
-2.550382024085408
-2.5440925493034463
-2.5378030745214843
-2.5315135997395233
-2.5252241249575613
-2.5189346501756
-2.5126451753936383
-2.506355700611677
-2.5000662258297153
-2.4937767510477538
-2.4874872762657922
-2.4811978014838307
-2.474908326701869
-2.4686188519199077
-2.462329377137946
-2.4560399023559842
-2.449750427574023
-2.443460952792061
-2.4371714780100997
-2.430882003228138
-2.4245925284461767
-2.418303053664215
-2.4120135788822537
-2.405724104100292
-2.3994346293183306
-2.393145154536369
-2.386855679754407
-2.380566204972446
-2.374276730190484
-2.367987255408523
-2.361697780626561
-2.3554083058445996
-2.349118831062638
-2.3428293562806766
-2.336539881498715
-2.3302504067167535
-2.323960931934792
-2.3176714571528305
-2.311381982370869
-2.305092507588907
-2.298803032806946
-2.292513558024984
-2.286224083243023
-2.279934608461061
-2.2736451336790995
-2.267355658897138
-2.2610661841151765
-2.254776709333215
-2.2484872345512534
-2.242197759769292
-2.2359082849873304
-2.229618810205369
-2.223329335423407
-2.217039860641446
-2.210750385859484
-2.2044609110775224
-2.198171436295561
-2.1918819615135994
-2.185592486731638
-2.1793030119496763
-2.173013537167715
-2.1667240623857533
-2.160434587603792
-2.1541451128218303
-2.147855638039869
-2.141566163257907
-2.1352766884759458
-2.128987213693984
-2.1226977389120227
-2.116408264130061
-2.1101187893480993
-2.1038293145661378
-2.0975398397841762
-2.0912503650022147
-2.084960890220253
-2.0786714154382917
-2.0723819406563297
-2.0660924658743687
-2.0598029910924067
-2.0535135163104457
-2.0472240415284837
-2.0409345667465226
-2.0346450919645607
-2.028355617182599
-2.0220661424006376
-2.015776667618676
-2.0094871928367146
-2.003197718054753
-1.9969082432727916
-1.9906187684908299
-1.9843292937088683
-1.9780398189269068
-1.9717503441449453
-1.9654608693629838
-1.9591713945810223
-1.9528819197990606
-1.946592445017099
-1.9403029702351375
-1.934013495453176
-1.9277240206712145
-1.921434545889253
-1.9151450711072915
-1.9088555963253298
-1.9025661215433682
-1.8962766467614067
-1.8899871719794452
-1.8836976971974837
-1.8774082224155222
-1.8711187476335605
-1.864829272851599
-1.8585397980696374
-1.852250323287676
-1.8459608485057144
-1.839671373723753
-1.8333818989417914
-1.8270924241598296
-1.8208029493778681
-1.8145134745959066
-1.808223999813945
-1.8019345250319836
-1.795645050250022
-1.7893555754680603
-1.7830661006860988
-1.7767766259041373
-1.7704871511221758
-1.7641976763402143
-1.7579082015582528
-1.751618726776291
-1.7453292519943295
-1.739039777212368
-1.7327503024304065
-1.726460827648445
-1.7201713528664835
-1.713881878084522
-1.7075924033025602
-1.7013029285205987
-1.6950134537386372
-1.6887239789566757
-1.6824345041747142
-1.6761450293927527
-1.669855554610791
-1.6635660798288294
-1.657276605046868
-1.6509871302649064
-1.6446976554829449
-1.6384081807009834
-1.6321187059190216
-1.6258292311370601
-1.6195397563550986
-1.613250281573137
-1.6069608067911756
-1.600671332009214
-1.5943818572272526
-1.5880923824452908
-1.5818029076633293
-1.5755134328813678
-1.5692239580994063
-1.5629344833174448
-1.5566450085354833
-1.5503555337535215
-1.54406605897156
-1.5377765841895985
-1.531487109407637
-1.5251976346256755
-1.518908159843714
-1.5126186850617525
-1.5063292102797907
-1.5000397354978292
-1.4937502607158677
-1.4874607859339062
-1.4811713111519447
-1.4748818363699832
-1.4685923615880214
-1.46230288680606
-1.4560134120240984
-1.4497239372421369
-1.4434344624601754
-1.4371449876782139
-1.4308555128962523
-1.4245660381142906
-1.418276563332329
-1.4119870885503676
-1.405697613768406
-1.3994081389864446
-1.393118664204483
-1.3868291894225213
-1.3805397146405598
-1.3742502398585983
-1.3679607650766368
-1.3616712902946753
-1.3553818155127138
-1.349092340730752
-1.3428028659487905
-1.336513391166829
-1.3302239163848675
-1.323934441602906
-1.3176449668209445
-1.311355492038983
-1.3050660172570212
-1.2987765424750597
-1.2924870676930982
-1.2861975929111367
-1.2799081181291752
-1.2736186433472136
-1.267329168565252
-1.2610396937832904
-1.2547502190013289
-1.2484607442193674
-1.2421712694374059
-1.2358817946554443
-1.2295923198734826
-1.223302845091521
-1.2170133703095596
-1.210723895527598
-1.2044344207456366
-1.198144945963675
-1.1918554711817135
-1.1855659963997518
-1.1792765216177903
-1.1729870468358288
-1.1666975720538673
-1.1604080972719057
-1.1541186224899442
-1.1478291477079825
-1.141539672926021
-1.1352501981440595
-1.128960723362098
-1.1226712485801364
-1.116381773798175
-1.1100922990162134
-1.103802824234252
-1.0975133494522904
-1.0912238746703289
-1.084934399888367
-1.0786449251064054
-1.072355450324444
-1.0660659755424824
-1.0597765007605209
-1.0534870259785594
-1.0471975511965979
-1.0409080764146363
-1.0346186016326748
-1.0283291268507133
-1.0220396520687518
-1.0157501772867903
-1.0094607025048288
-1.0031712277228668
-0.9968817529409053
-0.9905922781589438
-0.9843028033769823
-0.9780133285950208
-0.9717238538130593
-0.9654343790310977
-0.9591449042491362
-0.9528554294671747
-0.9465659546852132
-0.9402764799032517
-0.9339870051212902
-0.9276975303393282
-0.9214080555573667
-0.9151185807754052
-0.9088291059934437
-0.9025396312114822
-0.8962501564295207
-0.8899606816475591
-0.8836712068655976
-0.8773817320836361
-0.8710922573016746
-0.8648027825197131
-0.8585133077377516
-0.8522238329557901
-0.8459343581738281
-0.8396448833918666
-0.8333554086099051
-0.8270659338279436
-0.8207764590459821
-0.8144869842640206
-0.808197509482059
-0.8019080347000975
-0.795618559918136
-0.7893290851361745
-0.783039610354213
-0.7767501355722515
-0.77046066079029
-0.764171186008328
-0.7578817112263665
-0.751592236444405
-0.7453027616624435
-0.739013286880482
-0.7327238120985204
-0.7264343373165589
-0.7201448625345974
-0.7138553877526359
-0.7075659129706744
-0.7012764381887129
-0.6949869634067514
-0.6886974886247899
-0.6824080138428279
-0.6761185390608664
-0.6698290642789049
-0.6635395894969434
-0.6572501147149818
-0.6509606399330203
-0.6446711651510588
-0.6383816903690973
-0.6320922155871358
-0.6258027408051743
-0.6195132660232128
-0.6132237912412513
-0.6069343164592897
-0.6006448416773278
-0.5943553668953663
-0.5880658921134048
-0.5817764173314433
-0.5754869425494817
-0.5691974677675202
-0.5629079929855587
-0.5566185182035972
-0.5503290434216357
-0.5440395686396742
-0.5377500938577127
-0.5314606190757512
-0.5251711442937896
-0.5188816695118277
-0.5125921947298662
-0.5063027199479047
-0.5000132451659431
-0.49372377038398163
-0.4874342956020201
-0.4811448208200586
-0.4748553460380971
-0.4685658712561356
-0.46227639647417407
-0.45598692169221255
-0.44969744691025104
-0.4434079721282891
-0.4371184973463276
-0.43082902256436606
-0.42453954778240455
-0.41825007300044303
-0.4119605982184815
-0.40567112343652
-0.3993816486545585
-0.393092173872597
-0.38680269909063547
-0.38051322430867396
-0.37422374952671245
-0.36793427474475093
-0.361644799962789
-0.35535532518082746
-0.34906585039886595
-0.34277637561690444
-0.3364869008349429
-0.3301974260529814
-0.3239079512710199
-0.3176184764890584
-0.3113290017070969
-0.30503952692513536
-0.29875005214317385
-0.29246057736121234
-0.2861711025792508
-0.27988162779728887
-0.27359215301532736
-0.26730267823336584
-0.26101320345140433
-0.2547237286694428
-0.2484342538874813
-0.2421447791055198
-0.23585530432355828
-0.22956582954159677
-0.22327635475963525
-0.21698687997767374
-0.21069740519571223
-0.20440793041375072
-0.19811845563178876
-0.19182898084982725
-0.18553950606786573
-0.17925003128590422
-0.1729605565039427
-0.1666710817219812
-0.16038160694001968
-0.15409213215805817
-0.14780265737609666
-0.14151318259413515
-0.13522370781217363
-0.12893423303021212
-0.12264475824825016
-0.11635528346628865
-0.11006580868432714
-0.10377633390236563
-0.09748685912040411
-0.0911973843384426
-0.08490790955648109
-0.07861843477451957
-0.07232895999255806
-0.06603948521059655
-0.059750010428635036
-0.053460535646673524
-0.04717106086471201
-0.040881586082750054
-0.03459211130078854
-0.02830263651882703
-0.022013161736865516
-0.015723686954904004
-0.009434212172942491
-0.0031447373909809784
0.0031447373909805343
0.009434212172942047
0.01572368695490356
0.022013161736865072
0.028302636518826585
0.0345921113007881
0.040881586082750054
0.04717106086471157
0.05346053564667308
0.05975001042863459
0.0660394852105961
0.07232895999255762
0.07861843477451913
0.08490790955648064
0.09119738433844216
0.09748685912040367
0.10377633390236518
0.1100658086843267
0.1163552834662882
0.12264475824825016
0.12893423303021168
0.1352237078121732
0.1415131825941347
0.1478026573760962
0.15409213215805773
0.16038160694001924
0.16667108172198075
0.17296055650394226
0.17925003128590378
0.1855395060678653
0.1918289808498268
0.19811845563178831
0.20440793041375027
0.21069740519571178
0.2169868799776733
0.2232763547596348
0.22956582954159632
0.23585530432355784
0.24214477910551935
0.24843425388748086
0.2547237286694424
0.2610132034514039
0.2673026782333654
0.2735921530153269
0.2798816277972884
0.2861711025792504
0.2924605773612119
0.2987500521431734
0.3050395269251349
0.31132900170709643
0.31761847648905794
0.32390795127101946
0.33019742605298097
0.3364869008349425
0.342776375616904
0.3490658503988655
0.355355325180827
0.361644799962789
0.3679342747447505
0.374223749526712
0.3805132243086735
0.386802699090635
0.39309217387259654
0.39938164865455805
0.40567112343651957
0.4119605982184811
0.4182500730004426
0.4245395477824041
0.4308290225643656
0.43711849734632713
0.4434079721282891
0.4496974469102506
0.4559869216922121
0.4622763964741736
0.46856587125613514
0.47485534603809665
0.48114482082005816
0.4874342956020197
0.4937237703839812
0.5000132451659427
0.5063027199479042
0.5125921947298657
0.5188816695118272
0.5251711442937892
0.5314606190757507
0.5377500938577122
0.5440395686396737
0.5503290434216352
0.5566185182035968
0.5629079929855583
0.5691974677675198
0.5754869425494813
0.5817764173314428
0.5880658921134043
0.5943553668953658
0.6006448416773273
0.6069343164592893
0.6132237912412508
0.6195132660232123
0.6258027408051738
0.6320922155871354
0.6383816903690969
0.6446711651510584
0.6509606399330199
0.6572501147149814
0.6635395894969429
0.6698290642789044
0.6761185390608659
0.6824080138428279
0.6886974886247894
0.6949869634067509
0.7012764381887124
0.707565912970674
0.7138553877526355
0.720144862534597
0.7264343373165585
0.73272381209852
0.7390132868804815
0.745302761662443
0.7515922364444045
0.757881711226366
0.764171186008328
0.7704606607902895
0.776750135572251
0.7830396103542125
0.7893290851361741
0.7956185599181356
0.8019080347000971
0.8081975094820586
0.8144869842640201
0.8207764590459816
0.8270659338279431
0.8333554086099046
0.8396448833918662
0.8459343581738281
0.8522238329557896
0.8585133077377511
0.8648027825197122
0.8710922573016742
0.8773817320836352
0.8836712068655972
0.8899606816475591
0.8962501564295202
0.9025396312114822
0.9088291059934432
0.9151185807754052
0.9214080555573663
0.9276975303393282
0.9339870051212893
0.9402764799032512
0.9465659546852123
0.9528554294671743
0.9591449042491353
0.9654343790310973
0.9717238538130593
0.9780133285950203
0.9843028033769823
0.9905922781589434
0.9968817529409053
1.0031712277228664
1.0094607025048283
1.0157501772867894
1.0220396520687514
1.0283291268507124
1.0346186016326744
1.0409080764146355
1.0471975511965974
1.0534870259785594
1.0597765007605204
1.0660659755424824
1.0723554503244435
1.0786449251064054
1.0849343998883665
1.0912238746703284
1.0975133494522895
1.1038028242342515
1.1100922990162125
1.1163817737981745
1.1226712485801356
1.1289607233620975
1.1352501981440595
1.1415396729260205
1.1478291477079825
1.1541186224899436
1.1604080972719055
1.1666975720538666
1.1729870468358286
1.1792765216177896
1.1855659963997516
1.1918554711817126
1.1981449459636746
1.2044344207456357
1.2107238955275976
1.2170133703095596
1.2233028450915207
1.2295923198734826
1.2358817946554437
1.2421712694374056
1.2484607442193667
1.2547502190013287
1.2610396937832897
1.2673291685652517
1.2736186433472128
1.2799081181291747
1.2861975929111367
1.2924870676930977
1.2987765424750597
1.3050660172570208
1.3113554920389827
1.3176449668209438
1.3239344416029057
1.3302239163848668
1.3365133911668288
1.3428028659487898
1.3490923407307518
1.3553818155127129
1.3616712902946748
1.3679607650766368
1.3742502398585978
1.3805397146405598
1.3868291894225209
1.3931186642044828
1.399408138986444
1.4056976137684059
1.411987088550367
1.4182765633323289
1.42456603811429
1.430855512896252
1.437144987678213
1.443434462460175
1.4497239372421369
1.456013412024098
1.46230288680606
1.468592361588021
1.474881836369983
1.481171311151944
1.487460785933906
1.493750260715867
1.500039735497829
1.50632921027979
1.512618685061752
1.518908159843713
1.525197634625675
1.531487109407637
1.537776584189598
1.54406605897156
1.550355533753521
1.556645008535483
1.5629344833174441
1.569223958099406
1.5755134328813671
1.581802907663329
1.5880923824452902
1.5943818572272521
1.6006713320092132
1.6069608067911751
1.613250281573137
1.6195397563550982
1.6258292311370601
1.6321187059190212
1.6384081807009832
1.6446976554829442
1.6509871302649062
1.6572766050468672
1.6635660798288292
1.6698555546107903
1.6761450293927522
1.6824345041747133
1.6887239789566753
1.6950134537386372
1.7013029285205983
1.7075924033025602
1.7138818780845213
1.7201713528664833
1.7264608276484443
1.7327503024304063
1.7390397772123674
1.7453292519943293
1.7516187267762904
1.7579082015582523
1.7641976763402134
1.7704871511221754
1.7767766259041373
1.7830661006860984
1.7893555754680603
1.7956450502500214
1.8019345250319834
1.8082239998139444
1.8145134745959064
1.8208029493778675
1.8270924241598294
1.8333818989417905
1.8396713737237524
1.8459608485057135
1.8522503232876755
1.8585397980696374
1.8648292728515985
1.8711187476335605
1.8774082224155215
1.8836976971974835
1.8899871719794445
1.8962766467614065
1.9025661215433676
1.9088555963253295
1.9151450711072906
1.9214345458892526
1.9277240206712136
1.9340134954531756
1.9403029702351375
1.9465924450170986
1.9528819197990606
1.9591713945810216
1.9654608693629836
1.9717503441449447
1.9780398189269066
1.9843292937088677
1.9906187684908296
1.9969082432727907
2.0031977180547527
2.0094871928367137
2.0157766676186757
2.0220661424006376
2.0283556171825987
2.0346450919645607
2.0409345667465217
2.0472240415284837
2.0535135163104448
2.0598029910924067
2.066092465874368
2.0723819406563297
2.078671415438291
2.0849608902202528
2.091250365002214
2.097539839784176
2.1038293145661378
2.110118789348099
2.116408264130061
2.122697738912022
2.128987213693984
2.135276688475945
2.141566163257907
2.147855638039868
2.15414511282183
2.160434587603791
2.166724062385753
2.173013537167715
2.179303011949676
2.185592486731638
2.191881961513599
2.198171436295561
2.204460911077522
2.210750385859484
2.217039860641445
2.223329335423407
2.229618810205368
2.23590828498733
2.242197759769291
2.248487234551253
2.254776709333215
2.261066184115176
2.267355658897138
2.273645133679099
2.279934608461061
2.286224083243022
2.292513558024984
2.298803032806945
2.305092507588907
2.311381982370868
2.31767145715283
2.323960931934791
2.330250406716753
2.336539881498715
2.342829356280676
2.349118831062638
2.355408305844599
2.361697780626561
2.367987255408522
2.374276730190484
2.380566204972445
2.386855679754407
2.3931451545363682
2.39943462931833
2.4057241041002912
2.412013578882253
2.418303053664215
2.4245925284461762
2.430882003228138
2.4371714780100993
2.443460952792061
2.4497504275740223
2.4560399023559842
2.4623293771379453
2.4686188519199073
2.4749083267018683
2.4811978014838303
2.4874872762657914
2.4937767510477533
2.5000662258297153
2.5063557006116763
2.5126451753936383
2.5189346501755994
2.5252241249575613
2.5315135997395224
2.5378030745214843
2.5440925493034454
2.5503820240854074
2.5566714988673684
2.5629609736493304
2.5692504484312915
2.5755399232132534
2.5818293979952154
2.5881188727771764
2.5944083475591384
2.6006978223410995
2.6069872971230614
2.6132767719050225
2.6195662466869845
2.6258557214689455
2.6321451962509075
2.6384346710328686
2.6447241458148305
2.6510136205967916
2.6573030953787535
2.6635925701607155
2.6698820449426766
2.6761715197246385
2.6824609945065996
2.6887504692885615
2.6950399440705226
2.7013294188524846
2.7076188936344456
2.7139083684164076
2.7201978431983687
2.7264873179803306
2.7327767927622917
2.7390662675442536
2.7453557423262156
2.7516452171081767
2.7579346918901386
2.7642241666720997
2.7705136414540616
2.7768031162360227
2.7830925910179847
2.7893820657999457
2.7956715405819077
2.8019610153638688
2.8082504901458307
2.814539964927792
2.8208294397097537
2.8271189144917157
2.8334083892736768
2.8396978640556387
2.8459873388376
2.8522768136195618
2.858566288401523
2.864855763183485
2.871145237965446
2.877434712747408
2.883724187529369
2.890013662311331
2.896303137093293
2.902592611875254
2.908882086657216
2.915171561439177
2.921461036221139
2.9277505110031
2.934039985785062
2.940329460567023
2.946618935348985
2.952908410130946
2.959197884912908
2.965487359694869
2.971776834476831
2.978066309258793
2.984355784040754
2.990645258822716
2.996934733604677
3.003224208386639
3.0095136831686
3.015803157950562
3.022092632732523
3.028382107514485
3.034671582296446
3.040961057078408
3.047250531860369
3.053540006642331
3.059829481424293
3.066118956206254
3.072408430988216
3.078697905770177
3.084987380552139
3.0912768553341
3.097566330116062
3.103855804898023
3.110145279679985
3.116434754461946
3.122724229243908
3.129013704025869
3.135303178807831
3.141592653589793
