1 116.310666938724
1.1 114.356962886934
1.2 112.436075769501
1.3 110.547454350848
1.4 108.690556654662
1.5 106.864849808364
1.6 105.069809890189
1.7 103.30492177884
1.8 101.56967900566
1.9 99.8635836092939
2 98.1861459927892
2.1 96.5368847830944
2.2 94.9153266929212
2.3 93.3210063849254
2.4 91.7534663381693
2.5 90.2122567168273
2.6 88.6969352410967
2.7 87.2070670602772
2.8 85.7422246279819
2.9 84.301987579445
3 82.8859426108894
3.1 81.4936833609218
3.2 80.1248102939191
3.3 78.7789305853743
3.4 77.4556580091675
3.5 76.1546128267311
3.6 74.8754216780768
3.7 73.6177174746522
3.8 72.3811392939979
3.9 71.1653322761741
4 69.9699475219262
4.1 68.7946419925619
4.2 67.6390784115094
4.3 66.5029251675294
4.4 65.3858562195527
4.5 64.2875510031171
4.6 63.2076943383744
4.7 62.1459763396438
4.8 61.1020923264847
4.9 60.0757427362618
5 59.0666330381808
5.1 58.0744736487665
5.2 57.0989798487615
5.3 56.1398717014203
5.4 55.1968739721766
5.5 54.2697160496586
5.6 53.3581318680325
5.7 52.4618598306497
5.8 51.5806427349762
5.9 50.7142276987839
6 49.8623660875809
6.1 49.0248134432609
6.19999999999999 48.2013294139516
6.29999999999999 47.3916776850408
6.39999999999999 46.5956259113614
6.49999999999999 45.8129456505159
6.59999999999999 45.0434122973196
6.69999999999999 44.2868050193466
6.79999999999999 43.5429066935574
6.89999999999999 42.8115038439913
6.99999999999999 42.092386580505
7.09999999999999 41.3853485385413
7.19999999999999 40.6901868199081
7.29999999999999 40.0067019345534
7.39999999999999 39.3346977433172
7.49999999999999 38.6739814016462
7.59999999999999 38.0243633042532
7.69999999999999 37.3856570307057
7.79999999999999 36.7576792919295
7.89999999999999 36.1402498776104
7.99999999999999 35.5331916044789
8.09999999999999 34.9363302654645
8.19999999999999 34.3494945797034
8.29999999999999 33.7725161433862
8.39999999999999 33.2052293814313
8.49999999999999 32.6474714999698
8.59999999999999 32.0990824396285
8.69999999999999 31.5599048295982
8.79999999999999 31.0297839424729
8.89999999999999 30.5085676498475
8.99999999999999 29.9961063786623
9.09999999999999 29.4922530682794
9.19999999999999 28.9968631282813
9.29999999999998 28.5097943969776
9.39999999999998 28.0309071006093
9.49999999999998 27.5600638132377
9.59999999999998 27.0971294173075
9.69999999999998 26.6419710648722
9.79999999999998 26.194458139471
9.89999999999998 25.7544622186455
9.99999999999998 25.3218570370868
10.1 24.8965184504009
10.2 24.4783243994835
10.3 24.0671548754922
10.4 23.6628918854082
10.5 23.2654194181757
10.6 22.8746234114102
10.7 22.4903917186662
10.8 22.1126140772547
10.9 21.7411820766011
11 21.3759891271347
11.1 21.0169304297006
11.2 20.663902945486
11.3 20.3168053664509
11.4 19.9755380862557
11.5 19.6400031716776
11.6 19.3101043345065
11.7 18.9857469039134
11.8 18.6668377992826
11.9 18.3532855035007
12 18.0450000366936
12.1 17.7418929304054
12.2 17.4438772022107
12.3 17.1508673307529
12.4 16.8627792312026
12.5 16.5795302311276
12.6 16.3010390467688
12.7 16.0272257597137
12.8 15.7580117939628
12.9 15.4933198933803
13 15.2330740995244
13.1 14.9771997298491
13.2 14.7256233562729
13.3 14.478272784107
13.4 14.235077031338
13.5 13.9959663082577
13.6 13.7608719974361
13.7 13.52972663403
13.8 13.3024638864228
13.9 13.0790185371894
14 12.8593264643806
14.1 12.6433246231222
14.2 12.4309510275232
14.3 12.2221447328876
14.4 12.0168458182249
14.5 11.8149953690553
14.6 11.6165354605022
14.7 11.4214091406703
14.8 11.2295604143017
14.9 11.040934226707
15 10.8554764479667
15.1 10.6731338573969
15.2 10.4938541282773
15.3 10.3175858128346
15.4 10.1442783274786
15.5 9.97388193828649
15.6 9.80634774673059
15.7 9.64162767564593
15.8 9.47967445543367
15.9 9.32044161049616
16 9.16388344589985
