***** Exercise A1 *****

Matrix A before decomposition:
-9.679	1.796	-2.158	9.295	-1.378	-8.668	-6.869	
2.420	-9.021	7.022	-8.045	2.347	-1.527	5.755	
6.650	0.417	1.404	9.203	8.539	-5.672	6.564	
2.588	6.139	-3.623	3.096	6.831	8.308	9.802	
-7.840	-0.222	-2.206	-7.519	-8.426	5.636	-8.224	
0.195	6.968	-5.093	-7.384	7.947	-8.071	-5.429	
0.294	0.401	-9.674	-3.056	-9.181	1.730	-3.853	
9.358	6.058	-7.289	1.946	2.197	-0.912	-4.958	
-0.972	-2.604	-5.156	1.187	7.174	2.638	3.668	
8.747	-1.726	5.444	-1.057	-4.758	-9.649	1.559	

Matrix A after decomposition:
-0.498	0.169	0.056	0.486	-0.060	-0.497	0.080	
0.125	-0.626	-0.036	-0.278	0.317	-0.118	0.069	
0.342	-0.004	0.057	0.468	0.224	-0.155	0.028	
0.133	0.405	0.065	0.044	0.201	0.512	0.571	
-0.404	0.023	-0.093	-0.372	-0.217	0.143	-0.186	
0.010	0.473	0.030	-0.528	0.432	-0.525	0.116	
0.015	0.026	-0.732	-0.063	-0.387	-0.126	0.422	
0.482	0.367	-0.305	0.024	-0.110	-0.032	-0.580	
-0.050	-0.173	-0.550	0.195	0.498	-0.012	-0.004	
0.450	-0.160	0.215	-0.079	-0.402	-0.375	0.316	

Matrix R after decomposition:
19.419	1.380	1.840	1.246	6.713	-3.953	9.032	
0.000	14.689	-11.602	4.759	4.697	-0.016	-6.374	
0.000	0.000	12.838	2.786	2.871	-5.495	3.673	
0.000	0.000	0.000	18.444	4.332	-2.763	5.217	
0.000	0.000	0.000	0.000	18.172	0.350	8.347	
0.000	0.000	0.000	0.000	0.000	18.052	8.431	
0.000	0.000	0.000	0.000	0.000	0.000	8.261	

Product QR:
-9.679	1.796	-2.158	9.295	-1.378	-8.668	-6.869	
2.420	-9.021	7.022	-8.045	2.347	-1.527	5.755	
6.650	0.417	1.404	9.203	8.539	-5.672	6.564	
2.588	6.139	-3.623	3.096	6.831	8.308	9.802	
-7.840	-0.222	-2.206	-7.519	-8.426	5.636	-8.224	
0.195	6.968	-5.093	-7.384	7.947	-8.071	-5.429	
0.294	0.401	-9.674	-3.056	-9.181	1.730	-3.853	
9.358	6.058	-7.289	1.946	2.197	-0.912	-4.958	
-0.972	-2.604	-5.156	1.187	7.174	2.638	3.668	
8.747	-1.726	5.444	-1.057	-4.758	-9.649	1.559	

Product QT*Q:
1.000	0.000	-0.000	0.000	-0.000	-0.000	-0.000	
0.000	1.000	0.000	-0.000	-0.000	0.000	-0.000	
-0.000	0.000	1.000	0.000	0.000	-0.000	0.000	
0.000	-0.000	0.000	1.000	0.000	0.000	-0.000	
-0.000	-0.000	0.000	0.000	1.000	-0.000	0.000	
-0.000	0.000	-0.000	0.000	-0.000	1.000	-0.000	
-0.000	-0.000	0.000	-0.000	0.000	-0.000	1.000	



***** Exercise A2 *****

Matrix A before decomposition:
-9.679	1.796	-2.158	9.295	-1.378	-8.668	-6.869	2.420	-9.021	
7.022	-8.045	2.347	-1.527	5.755	6.650	0.417	1.404	9.203	
8.539	-5.672	6.564	2.588	6.139	-3.623	3.096	6.831	8.308	
9.802	-7.840	-0.222	-2.206	-7.519	-8.426	5.636	-8.224	0.195	
6.968	-5.093	-7.384	7.947	-8.071	-5.429	0.294	0.401	-9.674	
-3.056	-9.181	1.730	-3.853	9.358	6.058	-7.289	1.946	2.197	
-0.912	-4.958	-0.972	-2.604	-5.156	1.187	7.174	2.638	3.668	
8.747	-1.726	5.444	-1.057	-4.758	-9.649	1.559	-6.811	-7.720	
6.130	3.482	2.682	6.456	-9.574	3.500	-1.814	-3.427	2.858	

Vector b
-5.755	-0.717	-5.196	6.441	8.371	-0.154	-4.531	-4.233	4.690	

Matrix Q after decomposition:
-0.440	-0.139	-0.009	0.727	-0.242	-0.282	-0.032	-0.318	-0.141	
0.319	-0.342	0.097	0.031	0.302	0.338	0.030	-0.515	-0.548	
0.388	-0.146	0.433	0.406	0.301	-0.188	0.467	0.200	0.304	
0.445	-0.255	-0.185	-0.156	-0.383	-0.294	-0.091	-0.492	0.441	
0.316	-0.149	-0.772	0.333	0.161	-0.018	-0.081	0.357	-0.102	
-0.139	-0.683	0.242	0.020	0.007	0.211	-0.526	0.293	0.219	
-0.041	-0.349	-0.052	-0.105	-0.607	0.250	0.581	0.238	-0.194	
0.397	0.119	0.317	0.009	-0.335	-0.406	-0.333	0.285	-0.508	
0.278	0.391	0.107	0.399	-0.326	0.643	-0.200	-0.034	0.197	

Matrix R after decomposition:
22.018	-8.893	4.517	-0.017	-6.721	-4.692	7.784	-5.541	4.420	
0.000	15.245	0.551	4.170	-8.447	-1.915	0.829	-4.176	-4.290	
0.000	0.000	11.309	-5.275	10.848	3.619	-1.669	2.089	10.192	
0.000	0.000	0.000	13.516	-2.985	-6.755	-6.116	4.322	-5.430	
0.000	0.000	0.000	0.000	13.406	6.787	-3.726	6.924	5.275	
0.000	0.000	0.000	0.000	0.000	15.682	-1.714	2.552	10.551	
0.000	0.000	0.000	0.000	0.000	0.000	8.989	7.331	8.183	
0.000	0.000	0.000	0.000	0.000	0.000	0.000	3.433	-4.544	
0.000	0.000	0.000	0.000	0.000	0.000	0.000	0.000	4.085	

Solving Ax=b for x... x is:
1.492	0.842	-2.222	-2.292	-1.356	-1.206	-2.956	1.349	1.354	

Let's find A*x that should equal b:
-5.755	-0.717	-5.196	6.441	8.371	-0.154	-4.531	-4.233	4.690	



***** Exercise B *****

-9.679	1.796	-2.158	9.295	-1.378	-8.668	-6.869	2.420	-9.021	
7.022	-8.045	2.347	-1.527	5.755	6.650	0.417	1.404	9.203	
8.539	-5.672	6.564	2.588	6.139	-3.623	3.096	6.831	8.308	
9.802	-7.840	-0.222	-2.206	-7.519	-8.426	5.636	-8.224	0.195	
6.968	-5.093	-7.384	7.947	-8.071	-5.429	0.294	0.401	-9.674	
-3.056	-9.181	1.730	-3.853	9.358	6.058	-7.289	1.946	2.197	
-0.912	-4.958	-0.972	-2.604	-5.156	1.187	7.174	2.638	3.668	
8.747	-1.726	5.444	-1.057	-4.758	-9.649	1.559	-6.811	-7.720	
6.130	3.482	2.682	6.456	-9.574	3.500	-1.814	-3.427	2.858	

Matrix Q after decomposition:
-0.440	-0.139	-0.009	0.727	-0.242	-0.282	-0.032	-0.318	-0.141	
0.319	-0.342	0.097	0.031	0.302	0.338	0.030	-0.515	-0.548	
0.388	-0.146	0.433	0.406	0.301	-0.188	0.467	0.200	0.304	
0.445	-0.255	-0.185	-0.156	-0.383	-0.294	-0.091	-0.492	0.441	
0.316	-0.149	-0.772	0.333	0.161	-0.018	-0.081	0.357	-0.102	
-0.139	-0.683	0.242	0.020	0.007	0.211	-0.526	0.293	0.219	
-0.041	-0.349	-0.052	-0.105	-0.607	0.250	0.581	0.238	-0.194	
0.397	0.119	0.317	0.009	-0.335	-0.406	-0.333	0.285	-0.508	
0.278	0.391	0.107	0.399	-0.326	0.643	-0.200	-0.034	0.197	

Matrix R after decomposition:
22.018	-8.893	4.517	-0.017	-6.721	-4.692	7.784	-5.541	4.420	
0.000	15.245	0.551	4.170	-8.447	-1.915	0.829	-4.176	-4.290	
0.000	0.000	11.309	-5.275	10.848	3.619	-1.669	2.089	10.192	
0.000	0.000	0.000	13.516	-2.985	-6.755	-6.116	4.322	-5.430	
0.000	0.000	0.000	0.000	13.406	6.787	-3.726	6.924	5.275	
0.000	0.000	0.000	0.000	0.000	15.682	-1.714	2.552	10.551	
0.000	0.000	0.000	0.000	0.000	0.000	8.989	7.331	8.183	
0.000	0.000	0.000	0.000	0.000	0.000	0.000	3.433	-4.544	
0.000	0.000	0.000	0.000	0.000	0.000	0.000	0.000	4.085	

The inverse matrix is:
-0.103	-0.133	0.071	0.019	0.056	0.057	-0.066	-0.036	0.028	
-0.066	-0.119	0.042	0.004	0.001	0.001	-0.064	-0.044	0.017	
0.070	0.125	-0.031	-0.087	-0.056	-0.036	0.082	0.135	0.014	
0.188	0.389	-0.123	-0.079	-0.034	-0.199	0.040	0.098	-0.045	
0.084	0.248	-0.075	-0.049	-0.027	-0.129	-0.031	0.062	-0.095	
0.043	0.208	-0.103	-0.103	-0.001	-0.074	0.058	0.087	-0.012	
0.140	0.392	-0.144	-0.108	-0.044	-0.235	0.103	0.143	-0.110	
-0.138	-0.327	0.157	-0.000	0.071	0.156	0.007	-0.081	0.054	
-0.034	-0.134	0.074	0.108	-0.025	0.054	-0.048	-0.124	0.048	

Let's compute AB:
1.000	-0.000	-0.000	0.000	-0.000	0.000	0.000	-0.000	0.000	
0.000	1.000	-0.000	-0.000	-0.000	0.000	0.000	-0.000	-0.000	
-0.000	-0.000	1.000	0.000	0.000	-0.000	-0.000	0.000	0.000	
-0.000	-0.000	0.000	1.000	0.000	-0.000	-0.000	0.000	0.000	
-0.000	0.000	0.000	0.000	1.000	-0.000	-0.000	0.000	0.000	
-0.000	0.000	0.000	0.000	-0.000	1.000	-0.000	0.000	0.000	
0.000	0.000	-0.000	-0.000	-0.000	-0.000	1.000	-0.000	-0.000	
-0.000	-0.000	0.000	0.000	0.000	0.000	-0.000	1.000	0.000	
-0.000	-0.000	0.000	0.000	0.000	0.000	-0.000	0.000	1.000	

1.000	-0.000	0.000	-0.000	0.000	-0.000	0.000	-0.000	0.000	
0.000	1.000	0.000	0.000	0.000	-0.000	0.000	-0.000	0.000	
-0.000	0.000	1.000	-0.000	-0.000	0.000	-0.000	0.000	-0.000	
-0.000	0.000	-0.000	1.000	-0.000	0.000	-0.000	0.000	-0.000	
-0.000	0.000	-0.000	0.000	1.000	0.000	-0.000	0.000	-0.000	
-0.000	0.000	-0.000	0.000	-0.000	1.000	-0.000	0.000	-0.000	
-0.000	0.000	-0.000	0.000	-0.000	0.000	1.000	0.000	-0.000	
0.000	-0.000	0.000	-0.000	0.000	-0.000	0.000	1.000	0.000	
0.000	-0.000	0.000	0.000	0.000	-0.000	0.000	-0.000	1.000	

... they both equal the identity.


***** Exercise C *****

See exerciseCPlot.png for figure.
