-5	0.958924274663138	0	0.187235699580798
-4.9	0.977035077575387	0.0968132867880717	0.168852688205853
-4.8	0.991469278212646	0.19528446210591	0.113703654081019
-4.7	0.998550274299927	0.294862035612268	0.021788597206295
-4.6	0.994737485734677	0.394628732906292	-0.0994962767921474
-4.5	0.978972371767367	0.493409507586261	-0.213834442632679
-4.4	0.952364909192419	0.59006179563951	-0.316343248944896
-4.3	0.916097869280551	0.683560508577015	-0.407070453541754
-4.2	0.871154818938359	0.77299333974402	-0.491306560813829
-4.1	0.817933355615438	0.857515525265329	-0.572638713156339
-4	0.756723874804744	0.936313743617515	-0.651066910569283
-3.9	0.687843827495397	1.00860415597682	-0.725352296123062
-3.8	0.611938675587582	1.07364824148367	-0.791304719371579
-3.7	0.529872088153414	1.13078650991012	-0.848581006650126
-3.6	0.442511785200527	1.17944619893378	-0.897165728416198
-3.5	0.350746183112998	1.21914194269265	-0.936580140253791
-3.4	0.255508991765889	1.24947971591439	-0.966597513607786
-3.3	0.15773991500756	1.27015934486546	-0.987217848478183
-3.2	0.0583837091374932	1.28097472201949	-0.998241343388825
-3.1	-0.0415721367597521	1.28181609424909	-0.999193676240323
-3	-0.14111864644742	1.27267393920786	-0.990054619197279
-2.9	-0.239247071037741	1.25363964443959	-0.970861882089237
-2.8	-0.334976464281003	1.22490456160075	-0.942174594611044
-2.7	-0.427371712326961	1.18675548975663	-0.904178978143166
-2.6	-0.515501982276647	1.1395723850719	-0.856875032685602
-2.5	-0.598455676215872	1.08382787245406	-0.800932135708694
-2.4	-0.675438100620505	1.02008029450109	-0.737465202327043
-2.3	-0.745698486669897	0.948964320275129	-0.666491368603888
-2.2	-0.808489339746653	0.871189655057384	-0.588242302253922
-2.1	-0.863177832245832	0.787536700704999	-0.504727398941378
-2	-0.909274789777275	0.698840473107142	-0.416411602899213
-1.9	-0.946300123068021	0.605984130224233	-0.323294914127428
-1.8	-0.973822732025437	0.509897656446536	-0.226899496443436
-1.7	-0.991628845790061	0.411543467064704	-0.128966907174049
-1.6	-0.99956493912525	0.311900887969505	-0.0294990878547486
-1.5	-0.99748544115225	0.211964494524916	0.0710427381927389
-1.4	-0.985413681797388	0.112737012600523	0.170073670485313
-1.3	-0.963534462739026	0.0152086734888879	0.267191932262715
-1.2	-0.932039068644918	-0.079649340222589	0.362389860463127
-1.1	-0.891184314371495	-0.170886725651083	0.453849393670452
-1	-0.841440356177802	-0.257589896299546	0.54017393886853
-0.900000000000001	-0.783320692864764	-0.338895606715998	0.621363496057361
-0.800000000000001	-0.717349256498641	-0.413992123224048	0.696913790745681
-0.700000000000001	-0.64419398217952	-0.48212593995961	0.764899552730726
-0.600000000000001	-0.5646277745337	-0.542617221882395	0.825132457279647
-0.500000000000001	-0.479426064954302	-0.594863640574714	0.877587161378223
-0.400000000000001	-0.389409499102205	-0.638341736003967	0.921167833091575
-0.300000000000001	-0.295507762850416	-0.672616034715165	0.955290569372066
-0.200000000000001	-0.19866664974222	-0.697345309345503	0.979955370219699
-0.100000000000001	-0.0998356972189497	-0.712282979663969	0.995007131286883
-1.02695629777827E-15	-2.53138093819771E-10	-0.717278951835893	1.00003188926951
0.099999999999999	0.0998356968829841	-0.71228297970892	0.995007134693096
0.199999999999999	0.198666649915113	-0.697345309401356	0.97995537680661
0.299999999999999	0.295507763671781	-0.672616034720312	0.955290574766803
0.399999999999999	0.389409500156485	-0.638341735909399	0.921167831367327
0.499999999999999	0.479426065233257	-0.594863640402613	0.877587146608182
0.599999999999999	0.564627772716361	-0.542617221779608	0.825132433685166
0.699999999999999	0.644193978527289	-0.482125940142337	0.764899543578587
0.799999999999999	0.717349253641115	-0.413992123764054	0.696913819743124
0.899999999999999	0.783320695699837	-0.338895607304524	0.621363578810712
0.999999999999999	0.841440367356335	-0.257589896176179	0.540174008167341
1.1	0.891184328102926	-0.170886724196921	0.453849360612572
1.2	0.93203907024847	-0.0796493378422957	0.362389636146406
1.3	0.963534434303825	0.0152086746098044	0.267191610166549
1.4	0.985413630042784	0.112737009517682	0.170073581510342
1.5	0.997485405985433	0.211964486625151	0.0710432142403254
1.6	0.999564990698404	0.311900880254333	-0.0294978979025726
1.7	0.991629010945961	0.411543470448234	-0.128966031921862
1.8	0.973822917358919	0.509897678649039	-0.226900174594536
1.9	0.946300111307596	0.605984163431947	-0.323298380900207
2	0.909274347921424	0.698840484382273	-0.416415967549651
2.1	0.863177101652381	0.78753665025347	-0.504728038557642
2.2	0.808488924064611	0.871189540335458	-0.588234593924179
2.3	0.745699378393722	0.948964221142172	-0.666474448109732
2.4	0.675440519771487	1.02008036605182	-0.737454449768724
2.5	0.598458143353226	1.0838282078366	-0.800944804030248
2.6	0.515501296235835	1.13957284323791	-0.856927598214575
2.7	0.427364940913148	1.18675557992068	-0.904237388596829
2.8	0.334966242444935	1.22490375331569	-0.942174461125093
2.9	0.239242472616595	1.25363799269766	-0.970738815799366
3	0.141133518433654	1.27267269960985	-0.989816690544174
3.1	0.041607265775205	1.28181744700711	-0.999066514727911
3.2	-0.0583514149325497	1.28097973849658	-0.99846525153029
3.3	-0.157757311167736	1.27016558733651	-0.98800000211526
3.4	-0.255611508534404	1.24947995326793	-0.967368301939425
3.5	-0.350887842899887	1.21912921439634	-0.936442742091557
3.6	-0.442556928296981	1.17942262632023	-0.895223322571655
3.7	-0.529630658008148	1.13077156476691	-0.845271475867025
3.8	-0.611432852184768	1.07367223320686	-0.789884215377135
3.9	-0.687429862625928	1.00867850045447	-0.729167801157833
4	-0.75708189523674	0.93639758995128	-0.662523784399726
4.1	-0.819468631902929	0.857503498028247	-0.582645105140158
4.2	-0.873097747507993	0.772795784272733	-0.487371363177228
4.3	-0.916429735781595	0.683227186104365	-0.376702558510936
4.4	-0.948527834231384	0.589890881795473	-0.270807425250711
4.5	-0.971749897882904	0.493817515554273	-0.199431862667413
4.6	-0.98957380974241	0.39572084061196	-0.162844389410428
4.7	-1.00547837874253	0.295966731701105	-0.161045005479757
4.8	-1.02294241381591	0.194573182661013	-0.194033710875398
4.9	-1.04544472389516	0.0912103064377282	-0.261810505597353
5	-1.07646411791292	-0.0147996649159683	-0.36437538964562
