-5.0 0.9589242746631385
-4.655172413793103 0.998363578761011
-4.310344827586206 0.9202630396091019
-3.9655172413793105 0.7338176291844858
-3.6206896551724137 0.46097803237006496
-3.275862068965517 0.1338663378759464
-2.9310344827586206 -0.20900577567300951
-2.586206896551724 -0.5272711160648436
-2.2413793103448274 -0.7834595080875161
-1.8965517241379306 -0.9474092510526574
-1.5517241379310343 -0.9998181313189408
-1.206896551724138 -0.9345159202217348
-0.8620689655172411 -0.7591908105392204
-0.5172413793103443 -0.49448426631139025
-0.1724137931034484 -0.17156085160852394
0.1724137931034484 0.17156085160852394
0.5172413793103452 0.49448426631139103
0.862068965517242 0.7591908105392211
1.2068965517241388 0.9345159202217351
1.5517241379310347 0.9998181313189408
1.8965517241379315 0.9474092510526572
2.2413793103448283 0.7834595080875155
2.586206896551724 0.5272711160648436
2.931034482758621 0.20900577567300907
3.275862068965518 -0.13386633787594726
3.6206896551724146 -0.46097803237006574
3.9655172413793114 -0.7338176291844863
4.310344827586208 -0.9202630396091026
4.655172413793103 -0.998363578761011
5.0 -0.9589242746631385